ROUND_NUM	GREEDY_num	EXHAUS_num
1	3	3
2	3	3
3	2	2
4	4	4
5	3	3
6	3	3
7	3	3
8	2	2
9	3	3
10	2	2
11	2	2
12	3	3
13	3	3
14	3	3
15	3	3
16	3	3
17	3	3
18	3	3
19	2	2
20	3	3
21	2	2
22	2	2
23	3	3
24	3	3
25	4	4
26	3	3
27	3	3
28	2	2
29	3	3
30	2	2
31	2	2
32	2	2
33	2	2
34	3	3
35	3	3
36	3	3
37	3	3
38	3	3
39	3	3
40	3	3
41	4	4
42	3	3
43	3	3
44	3	3
45	3	3
46	3	3
47	4	4
48	2	2
49	3	3
50	2	2
51	4	4
52	3	3
53	2	2
54	2	2
55	3	3
56	3	3
57	2	2
58	2	2
59	2	2
60	3	3
61	2	2
62	3	3
63	2	2
64	3	3
65	3	3
66	4	4
67	3	3
68	2	2
69	2	2
70	3	3
71	3	3
72	2	2
73	2	2
74	3	3
75	3	3
76	2	2
77	2	2
78	3	3
79	3	3
80	3	3
81	3	3
82	3	3
83	2	2
84	3	3
85	3	3
86	4	4
87	2	2
88	2	2
89	3	2
90	3	3
91	2	2
92	3	3
93	2	2
94	2	2
95	2	2
96	2	2
97	3	3
98	2	2
99	3	3
100	3	3
101	3	3
102	3	3
103	2	2
104	3	3
105	2	2
106	2	2
107	2	2
108	3	3
109	2	2
110	2	2
111	3	3
112	2	2
113	2	2
114	3	3
115	4	4
116	3	3
117	3	3
118	3	3
119	3	3
120	4	4
121	2	2
122	2	2
123	3	3
124	3	3
125	2	2
126	2	2
127	3	3
128	4	4
129	2	2
130	3	3
131	3	3
132	3	3
133	2	2
134	2	2
135	2	2
136	3	3
137	3	3
138	3	3
139	3	3
140	4	4
141	2	2
142	2	2
143	2	2
144	2	2
145	3	3
146	3	3
147	3	3
148	3	3
149	3	3
150	2	2
151	3	3
152	3	3
153	2	2
154	2	2
155	2	2
156	2	2
157	2	2
158	3	3
159	4	4
160	3	3
161	4	4
162	2	2
163	3	2
164	3	3
165	2	2
166	2	2
167	3	3
168	3	3
169	2	2
170	2	2
171	3	3
172	2	2
173	3	3
174	3	3
175	3	3
176	3	3
177	3	3
178	2	2
179	2	2
180	2	2
181	2	2
182	3	3
183	2	2
184	3	3
185	3	3
186	3	3
187	3	3
188	3	3
189	2	2
190	4	4
191	3	3
192	3	3
193	2	2
194	2	2
195	3	3
196	2	2
197	3	3
198	2	2
199	2	2
200	2	2
201	3	3
202	4	4
203	3	3
204	3	3
205	2	2
206	2	2
207	2	2
208	3	3
209	3	3
210	3	3
211	3	3
212	2	2
213	3	3
214	2	2
215	2	2
216	4	4
217	3	3
218	2	2
219	2	2
220	2	2
221	3	2
222	2	2
223	3	3
224	3	3
225	3	3
226	4	3
227	3	3
228	3	3
229	3	3
230	3	2
231	3	3
232	2	2
233	4	4
234	3	3
235	3	3
236	2	2
237	3	3
238	2	2
239	2	2
240	2	2
241	2	2
242	3	3
243	2	2
244	3	3
245	2	2
246	2	2
247	3	3
248	2	2
249	4	4
250	3	3
251	2	2
252	3	3
253	2	2
254	2	2
255	2	2
256	3	3
257	2	2
258	3	3
259	2	2
260	2	2
261	2	2
262	4	4
263	2	2
264	3	3
265	3	3
266	3	3
267	4	4
268	3	3
269	2	2
270	3	3
271	3	3
272	2	2
273	3	3
274	2	2
275	2	2
276	3	3
277	3	3
278	3	3
279	3	3
280	2	2
281	3	3
282	3	3
283	3	3
284	2	2
285	3	3
286	3	3
287	3	3
288	2	2
289	4	4
290	2	2
291	3	3
292	3	3
293	2	2
294	2	2
295	2	2
296	2	2
297	3	3
298	2	2
299	2	2
300	2	2
301	2	2
302	3	3
303	2	2
304	2	2
305	3	3
306	3	3
307	2	2
308	3	3
309	2	2
310	3	3
311	3	3
312	3	3
313	2	2
314	2	2
315	2	2
316	2	2
317	4	4
318	2	2
319	3	3
320	3	3
321	4	3
322	3	3
323	5	4
324	2	2
325	3	3
326	2	2
327	4	3
328	2	2
329	3	3
330	2	2
331	2	2
332	3	3
333	2	2
334	3	3
335	3	3
336	3	3
337	3	3
338	2	2
339	3	3
340	4	4
341	3	3
342	3	3
343	3	3
344	3	3
345	4	4
346	3	3
347	3	3
348	2	2
349	2	2
350	3	3
351	2	2
352	2	2
353	2	2
354	3	3
355	4	4
356	3	3
357	2	2
358	2	2
359	3	3
360	2	2
361	2	2
362	2	2
363	4	4
364	3	3
365	3	3
366	3	3
367	2	2
368	2	2
369	2	2
370	2	2
371	2	2
372	2	2
373	3	3
374	3	3
375	2	2
376	3	2
377	3	3
378	3	3
379	2	2
380	3	3
381	3	3
382	2	2
383	3	3
384	3	3
385	3	3
386	3	3
387	3	3
388	2	2
389	3	3
390	3	3
391	2	2
392	4	3
393	3	3
394	4	4
395	2	2
396	2	2
397	2	2
398	3	3
399	4	4
400	2	2
401	3	3
402	2	2
403	4	3
404	3	3
405	4	4
406	2	2
407	3	3
408	2	2
409	3	3
410	2	2
411	2	2
412	3	3
413	2	2
414	3	3
415	3	3
416	2	2
417	3	3
418	2	2
419	2	2
420	3	3
421	2	2
422	2	2
423	3	3
424	3	3
425	3	3
426	3	3
427	2	2
428	3	3
429	4	3
430	3	3
431	3	3
432	2	2
433	2	2
434	2	2
435	2	2
436	3	3
437	3	3
438	3	3
439	4	4
440	4	4
441	3	3
442	4	3
443	3	3
444	3	3
445	3	3
446	3	3
447	4	4
448	3	3
449	3	3
450	3	3
451	3	3
452	3	3
453	3	3
454	3	3
455	2	2
456	2	2
457	2	2
458	3	3
459	3	3
460	4	3
461	3	3
462	3	3
463	3	3
464	4	3
465	3	3
466	2	2
467	5	5
468	2	2
469	2	2
470	3	3
471	2	2
472	3	3
473	2	2
474	3	3
475	3	3
476	2	2
477	2	2
478	3	3
479	3	3
480	2	2
481	3	3
482	3	3
483	2	2
484	3	3
485	2	2
486	4	4
487	2	2
488	2	2
489	3	3
490	3	3
491	3	3
492	2	2
493	2	2
494	3	3
495	3	3
496	3	3
497	2	2
498	3	3
499	3	3
500	3	3
501	2	2
502	3	3
503	2	2
504	3	3
505	3	3
506	4	4
507	5	5
508	3	3
509	3	3
510	3	3
511	3	3
512	2	2
513	4	4
514	4	4
515	2	2
516	3	3
517	3	3
518	2	2
519	3	3
520	2	2
521	2	2
522	3	3
523	3	3
524	2	2
525	2	2
526	3	3
527	3	3
528	2	2
529	4	3
530	3	3
531	3	3
532	3	3
533	3	3
534	3	3
535	3	2
536	2	2
537	2	2
538	3	3
539	2	2
540	3	3
541	2	2
542	3	3
543	3	3
544	3	3
545	4	4
546	3	3
547	2	2
548	4	3
549	3	3
550	2	2
551	2	2
552	3	3
553	3	3
554	3	3
555	3	3
556	3	3
557	3	3
558	4	3
559	3	3
560	3	3
561	3	3
562	2	2
563	2	2
564	3	3
565	3	3
566	3	3
567	2	2
568	3	3
569	3	3
570	3	3
571	2	2
572	4	4
573	2	2
574	3	3
575	3	3
576	2	2
577	2	2
578	2	2
579	3	3
580	2	2
581	2	2
582	3	3
583	2	2
584	3	3
585	3	3
586	2	2
587	2	2
588	3	3
589	2	2
590	2	2
591	2	2
592	3	3
593	2	2
594	3	3
595	3	3
596	3	3
597	2	2
598	4	4
599	3	3
600	3	3
601	2	2
602	3	3
603	3	3
604	3	3
605	2	2
606	3	3
607	3	3
608	3	3
609	3	3
610	2	2
611	3	3
612	2	2
613	3	2
614	2	2
615	2	2
616	2	2
617	2	2
618	2	2
619	2	2
620	3	3
621	3	3
622	2	2
623	2	2
624	2	2
625	2	2
626	2	2
627	3	3
628	2	2
629	2	2
630	3	3
631	3	3
632	3	3
633	2	2
634	3	3
635	2	2
636	2	2
637	3	3
638	3	3
639	2	2
640	2	2
641	4	3
642	3	3
643	2	2
644	3	3
645	3	3
646	4	4
647	2	2
648	3	3
649	3	3
650	2	2
651	2	2
652	3	3
653	2	2
654	3	3
655	2	2
656	3	3
657	3	3
658	3	3
659	2	2
660	3	3
661	3	3
662	4	4
663	2	2
664	2	2
665	3	3
666	3	3
667	2	2
668	3	3
669	4	3
670	3	3
671	3	3
672	4	4
673	2	2
674	2	2
675	3	3
676	2	2
677	2	2
678	3	3
679	2	2
680	4	3
681	3	3
682	2	2
683	3	3
684	3	3
685	3	3
686	2	2
687	3	3
688	3	3
689	2	2
690	3	3
691	3	3
692	3	3
693	2	2
694	3	3
695	3	3
696	3	3
697	3	3
698	2	2
699	4	3
700	3	3
701	3	3
702	2	2
703	2	2
704	2	2
705	3	3
706	2	2
707	3	3
708	3	3
709	3	3
710	2	2
711	2	2
712	3	3
713	3	3
714	3	3
715	2	2
716	2	2
717	4	3
718	3	3
719	2	2
720	2	2
721	2	2
722	4	4
723	2	2
724	3	3
725	3	3
726	2	2
727	3	3
728	2	2
729	3	3
730	3	3
731	2	2
732	2	2
733	3	3
734	3	3
735	3	3
736	4	4
737	3	3
738	4	4
739	3	3
740	3	3
741	3	3
742	3	3
743	3	3
744	3	3
745	3	3
746	4	4
747	3	3
748	2	2
749	2	2
750	3	3
751	3	3
752	3	3
753	2	2
754	3	3
755	3	3
756	2	2
757	3	3
758	3	3
759	3	3
760	3	3
761	2	2
762	3	3
763	3	3
764	3	3
765	3	3
766	4	4
767	4	4
768	3	3
769	2	2
770	3	3
771	2	2
772	3	3
773	4	4
774	4	4
775	3	3
776	2	2
777	3	3
778	3	3
779	4	3
780	2	2
781	2	2
782	3	3
783	3	3
784	2	2
785	3	3
786	2	2
787	2	2
788	4	4
789	3	3
790	3	3
791	3	3
792	2	2
793	3	3
794	2	2
795	2	2
796	2	2
797	3	3
798	3	3
799	2	2
800	3	3
801	3	3
802	2	2
803	2	2
804	3	3
805	2	2
806	2	2
807	3	3
808	3	3
809	3	3
810	3	3
811	2	2
812	3	3
813	3	3
814	2	2
815	2	2
816	4	4
817	3	3
818	3	3
819	3	3
820	2	2
821	2	2
822	2	2
823	3	3
824	2	2
825	3	3
826	3	3
827	3	2
828	2	2
829	4	4
830	2	2
831	2	2
832	4	4
833	3	3
834	2	2
835	3	3
836	2	2
837	2	2
838	2	2
839	3	3
840	3	3
841	3	3
842	2	2
843	3	3
844	3	3
845	2	2
846	3	3
847	3	3
848	2	2
849	3	3
850	3	3
851	2	2
852	4	4
853	2	2
854	2	2
855	3	3
856	3	3
857	2	2
858	2	2
859	2	2
860	2	2
861	3	3
862	3	3
863	2	2
864	4	4
865	3	3
866	3	3
867	3	3
868	3	3
869	2	2
870	3	2
871	2	2
872	4	4
873	3	3
874	3	3
875	3	3
876	3	3
877	2	2
878	3	3
879	3	3
880	3	3
881	2	2
882	3	3
883	2	2
884	3	3
885	3	3
886	3	3
887	2	2
888	2	2
889	2	2
890	2	2
891	2	2
892	3	3
893	3	3
894	3	3
895	3	3
896	3	3
897	2	2
898	2	2
899	2	2
900	2	2
901	2	2
902	3	3
903	3	3
904	2	2
905	3	3
906	3	3
907	3	3
908	2	2
909	3	3
910	3	3
911	2	2
912	3	3
913	4	4
914	3	3
915	3	3
916	3	3
917	2	2
918	4	4
919	4	4
920	3	3
921	3	3
922	2	2
923	3	3
924	3	3
925	2	2
926	2	2
927	2	2
928	2	2
929	3	3
930	3	3
931	3	3
932	3	3
933	2	2
934	3	3
935	2	2
936	3	3
937	2	2
938	3	3
939	2	2
940	2	2
941	2	2
942	2	2
943	2	2
944	3	3
945	2	2
946	2	2
947	3	3
948	3	3
949	2	2
950	3	3
951	2	2
952	3	3
953	2	2
954	3	3
955	3	3
956	3	3
957	4	4
958	3	3
959	3	3
960	3	3
961	2	2
962	3	3
963	2	2
964	2	2
965	3	3
966	2	2
967	2	2
968	2	2
969	4	4
970	2	2
971	2	2
972	3	3
973	3	3
974	2	2
975	2	2
976	2	2
977	3	3
978	3	3
979	4	4
980	3	3
981	3	3
982	3	3
983	3	3
984	2	2
985	3	3
986	3	3
987	4	3
988	3	3
989	3	3
990	3	2
991	3	3
992	3	3
993	2	2
994	3	3
995	3	3
996	3	3
997	3	3
998	2	2
999	2	2
1000	4	3
1001	2	2
1002	2	2
1003	3	3
1004	2	2
1005	3	3
1006	3	3
1007	3	3
1008	3	3
1009	3	3
1010	2	2
1011	2	2
1012	2	2
1013	3	3
1014	3	3
1015	3	3
1016	4	4
1017	4	4
1018	4	4
1019	2	2
1020	3	3
1021	2	2
1022	4	4
1023	2	2
1024	4	3
1025	3	3
1026	2	2
