ROUND_NUM	CPE	II	ALGO
1	0.4676	0.4992	greedy
1	0.493	0.5292	exhaus
1	0.4676	0.4992	exhaus
1	0.4832	0.5332	exhaus
2	0.3585	0.4014	greedy
2	0.4182	0.4513	greedy
2	0.3585	0.4014	exhaus
2	0.4182	0.4513	exhaus
3	0.7237	0.7127	greedy
3	0.7237	0.7127	exhaus
4	0.5951	0.6142	greedy
4	0.5624	0.5863	greedy
4	0.5951	0.6142	exhaus
4	0.4874	0.5309	exhaus
4	0.5624	0.5863	exhaus
5	0.5481	0.5733	greedy
5	0.5622	0.5947	greedy
5	0.5622	0.5947	greedy
5	0.5481	0.5733	exhaus
5	0.5622	0.5947	exhaus
5	0.5622	0.5947	exhaus
6	0.6119	0.6369	greedy
6	0.6497	0.6633	exhaus
6	0.6119	0.6369	exhaus
7	0.6454	0.6572	greedy
7	0.5957	0.62	exhaus
7	0.6454	0.6572	exhaus
7	0.6158	0.6337	exhaus
8	0.5287	0.5453	greedy
8	0.4879	0.5157	greedy
8	0.5287	0.5453	exhaus
8	0.4879	0.5157	exhaus
8	0.5198	0.5601	exhaus
9	0.7063	0.7073	greedy
9	0.7188	0.7031	greedy
9	0.7063	0.7073	exhaus
9	0.7188	0.7031	exhaus
10	0.4421	0.4666	greedy
10	0.4421	0.4666	exhaus
11	0.5606	0.5897	greedy
11	0.5606	0.5897	exhaus
12	0.6409	0.6387	greedy
12	0.6452	0.6454	greedy
12	0.6409	0.6387	exhaus
12	0.6452	0.6454	exhaus
13	0.5308	0.5556	greedy
13	0.5308	0.5556	exhaus
14	0.8808	0.8442	greedy
14	0.8808	0.8442	exhaus
15	0.6391	0.6369	greedy
15	0.6391	0.6369	exhaus
16	0.566	0.5754	greedy
16	0.5978	0.6029	greedy
16	0.6387	0.6494	greedy
16	0.6704	0.6769	greedy
16	0.566	0.5754	exhaus
16	0.543	0.5588	exhaus
16	0.5978	0.6029	exhaus
16	0.6387	0.6493	exhaus
16	0.6156	0.6328	exhaus
16	0.6704	0.6769	exhaus
17	0.6697	0.6521	greedy
17	0.7412	0.7427	greedy
17	0.7938	0.7725	greedy
17	0.7443	0.7257	greedy
17	0.6697	0.6521	exhaus
17	0.7412	0.7427	exhaus
17	0.7938	0.7725	exhaus
17	0.7443	0.7257	exhaus
18	0.6558	0.6529	greedy
18	0.6558	0.6529	exhaus
19	0.5901	0.5895	greedy
19	0.544	0.5361	greedy
19	0.5901	0.5895	exhaus
19	0.544	0.5361	exhaus
20	0.6269	0.6448	greedy
20	0.6269	0.6448	exhaus
21	0.6048	0.6333	greedy
21	0.6238	0.6393	exhaus
21	0.6048	0.6333	exhaus
22	0.5081	0.5376	greedy
22	0.5808	0.6116	greedy
22	0.5081	0.5376	exhaus
22	0.5808	0.6116	exhaus
23	0.5829	0.6123	greedy
23	0.5829	0.6123	exhaus
24	0.6431	0.6629	greedy
24	0.7288	0.7185	greedy
24	0.6431	0.6629	exhaus
24	0.7288	0.7185	exhaus
25	0.6101	0.6001	greedy
25	0.6817	0.6908	greedy
25	0.6101	0.6001	exhaus
25	0.6817	0.6908	exhaus
26	0.5339	0.5465	greedy
26	0.5064	0.5266	exhaus
26	0.534	0.5465	exhaus
27	0.5758	0.5889	greedy
27	0.5758	0.5889	greedy
27	0.5758	0.5889	exhaus
27	0.5758	0.5889	exhaus
27	0.5369	0.5578	exhaus
28	0.6569	0.6535	greedy
28	0.5911	0.6059	greedy
28	0.6569	0.6535	exhaus
28	0.5911	0.6059	exhaus
29	0.5972	0.6198	greedy
29	0.5972	0.6198	exhaus
29	0.5901	0.6178	exhaus
30	0.5672	0.5827	greedy
30	0.5672	0.5827	exhaus
31	0.7266	0.7233	greedy
31	0.7388	0.733	greedy
31	0.693	0.696	greedy
31	0.7266	0.7233	exhaus
31	0.7388	0.733	exhaus
31	0.693	0.696	exhaus
32	0.5932	0.6139	greedy
32	0.5932	0.6139	exhaus
33	0.6706	0.6657	greedy
33	0.6962	0.6878	greedy
33	0.6556	0.6578	exhaus
33	0.6706	0.6657	exhaus
33	0.6962	0.6878	exhaus
34	0.5762	0.6048	greedy
34	0.5586	0.5958	greedy
34	0.5522	0.594	exhaus
34	0.5522	0.594	exhaus
34	0.5762	0.6048	exhaus
34	0.5586	0.5958	exhaus
34	0.608	0.6316	exhaus
34	0.608	0.6315	exhaus
35	0.6847	0.6849	greedy
35	0.5982	0.6151	greedy
35	0.6117	0.6261	greedy
35	0.6847	0.6849	exhaus
35	0.6511	0.6575	exhaus
35	0.5982	0.6151	exhaus
35	0.6117	0.6261	exhaus
36	0.5369	0.5621	greedy
36	0.5724	0.5909	exhaus
36	0.5369	0.5621	exhaus
37	0.6218	0.6408	greedy
37	0.6218	0.6408	exhaus
38	0.712	0.7028	greedy
38	0.6547	0.654	exhaus
38	0.712	0.7028	exhaus
39	0.6181	0.6311	greedy
39	0.6181	0.6311	exhaus
40	0.5933	0.6196	greedy
40	0.5933	0.6196	exhaus
41	0.5162	0.5537	greedy
41	0.5162	0.5537	exhaus
42	0.5602	0.585	greedy
42	0.5601	0.585	exhaus
43	0.7324	0.7303	greedy
43	0.7495	0.7399	greedy
43	0.6104	0.6045	greedy
43	0.7324	0.7303	exhaus
43	0.7495	0.7399	exhaus
43	0.6104	0.6045	exhaus
44	0.5263	0.5643	greedy
44	0.6631	0.6843	greedy
44	0.638	0.6571	greedy
44	0.5263	0.5643	exhaus
44	0.6631	0.6843	exhaus
44	0.638	0.6571	exhaus
45	0.6674	0.6583	greedy
45	0.6674	0.6583	exhaus
46	0.534	0.5465	greedy
46	0.6254	0.6409	greedy
46	0.5339	0.5465	exhaus
46	0.6254	0.6409	exhaus
47	0.6206	0.6517	greedy
47	0.6206	0.6517	exhaus
48	0.6567	0.6647	greedy
48	0.6567	0.6647	exhaus
49	0.6092	0.6255	greedy
49	0.6092	0.6254	exhaus
50	0.6329	0.6441	greedy
50	0.5734	0.6002	greedy
50	0.6012	0.6174	greedy
50	0.6179	0.6362	greedy
50	0.5584	0.5922	greedy
50	0.5862	0.6094	greedy
50	0.6329	0.6441	exhaus
50	0.5734	0.6002	exhaus
50	0.6012	0.6174	exhaus
50	0.6179	0.6362	exhaus
50	0.5584	0.5922	exhaus
50	0.5862	0.6094	exhaus
51	0.6004	0.6226	greedy
51	0.6004	0.6226	exhaus
52	0.6441	0.6578	greedy
52	0.6764	0.6822	greedy
52	0.6441	0.6579	exhaus
52	0.6764	0.6822	exhaus
53	0.6575	0.6631	greedy
53	0.6575	0.6631	greedy
53	0.6575	0.6631	exhaus
53	0.6575	0.6631	exhaus
54	0.702	0.7003	greedy
54	0.702	0.7003	exhaus
55	0.6709	0.6679	greedy
55	0.6709	0.6679	exhaus
56	0.6844	0.6935	greedy
56	0.7266	0.7233	greedy
56	0.6844	0.6935	exhaus
56	0.7266	0.7233	exhaus
57	0.5595	0.5942	greedy
57	0.5595	0.5942	exhaus
58	0.5859	0.6174	greedy
58	0.6108	0.6348	exhaus
59	0.8042	0.7811	greedy
59	0.6549	0.6579	greedy
59	0.8183	0.7955	greedy
59	0.5956	0.6103	exhaus
59	0.759	0.7479	exhaus
59	0.8042	0.7811	exhaus
59	0.6549	0.6579	exhaus
59	0.8183	0.7955	exhaus
59	0.6129	0.6258	exhaus
59	0.7764	0.7634	exhaus
60	0.6156	0.6305	greedy
60	0.6156	0.6305	exhaus
61	0.6949	0.6747	greedy
61	0.6867	0.6887	greedy
61	0.6949	0.6747	exhaus
61	0.6867	0.6887	exhaus
62	0.5878	0.6022	greedy
62	0.5484	0.5666	exhaus
63	0.5421	0.5461	greedy
63	0.5421	0.5461	exhaus
64	0.6558	0.6529	greedy
64	0.6558	0.6529	exhaus
65	0.6653	0.6737	greedy
65	0.6525	0.6535	greedy
65	0.6653	0.6737	exhaus
65	0.6525	0.6535	exhaus
66	0.6725	0.6823	greedy
66	0.6725	0.6823	exhaus
67	0.741	0.7281	greedy
67	0.741	0.7281	exhaus
68	0.5449	0.5618	greedy
68	0.5449	0.5618	greedy
68	0.5449	0.5618	exhaus
68	0.5043	0.5252	exhaus
68	0.5449	0.5618	exhaus
68	0.5043	0.5252	exhaus
69	0.5868	0.6148	greedy
69	0.5403	0.5828	exhaus
69	0.5868	0.6148	exhaus
70	0.5631	0.5858	greedy
70	0.5631	0.5858	exhaus
70	0.5532	0.5899	exhaus
71	0.5942	0.5964	greedy
71	0.5942	0.5964	exhaus
72	0.6384	0.6408	greedy
72	0.6384	0.6407	exhaus
73	0.6844	0.6935	greedy
73	0.7293	0.7282	greedy
73	0.781	0.7697	greedy
73	0.6844	0.6935	exhaus
73	0.7293	0.7282	exhaus
73	0.781	0.7697	exhaus
74	0.5514	0.5651	greedy
74	0.5729	0.5814	exhaus
74	0.5555	0.571	exhaus
74	0.5514	0.5651	exhaus
75	0.63	0.6645	greedy
75	0.5961	0.6245	greedy
75	0.6458	0.6677	greedy
75	0.6458	0.6677	greedy
75	0.5961	0.6245	greedy
75	0.63	0.6645	exhaus
75	0.6522	0.6754	exhaus
75	0.6972	0.704	exhaus
75	0.5961	0.6245	exhaus
75	0.6458	0.6677	exhaus
75	0.6458	0.6677	exhaus
75	0.5961	0.6245	exhaus
75	0.6183	0.6354	exhaus
75	0.6183	0.6354	exhaus
76	0.5506	0.5788	greedy
76	0.5554	0.5846	greedy
76	0.5652	0.5833	greedy
76	0.5506	0.5788	exhaus
76	0.5414	0.5716	exhaus
76	0.5554	0.5846	exhaus
76	0.5652	0.5833	exhaus
76	0.5226	0.5512	exhaus
76	0.5274	0.5569	exhaus
77	0.549	0.5855	greedy
77	0.5372	0.5743	greedy
77	0.549	0.5855	exhaus
77	0.5372	0.5743	exhaus
78	0.555	0.5899	greedy
78	0.555	0.5899	exhaus
79	0.6097	0.5995	greedy
79	0.6097	0.5995	exhaus
80	0.655	0.662	greedy
80	0.7393	0.7372	greedy
80	0.6025	0.6172	greedy
80	0.655	0.662	exhaus
80	0.7393	0.7372	exhaus
80	0.6025	0.6172	exhaus
80	0.6529	0.6674	exhaus
80	0.6004	0.6226	exhaus
81	0.7342	0.7206	greedy
81	0.7342	0.7206	exhaus
82	0.7157	0.7201	greedy
82	0.7157	0.7201	exhaus
83	0.8808	0.8442	greedy
83	0.8808	0.8442	exhaus
84	0.5238	0.5573	greedy
84	0.5238	0.5573	exhaus
85	0.5886	0.6221	greedy
85	0.5886	0.6221	exhaus
85	0.5752	0.6097	exhaus
86	0.7414	0.7318	greedy
86	0.7414	0.7318	greedy
86	0.7414	0.7318	exhaus
86	0.7414	0.7318	exhaus
87	0.5374	0.5635	greedy
87	0.4748	0.513	greedy
87	0.5374	0.5635	exhaus
87	0.4748	0.513	exhaus
88	0.6194	0.6296	greedy
88	0.5806	0.6098	greedy
88	0.5752	0.6014	exhaus
88	0.6194	0.6296	exhaus
88	0.5806	0.6098	exhaus
88	0.5674	0.595	exhaus
89	0.6746	0.6695	greedy
89	0.6746	0.6695	exhaus
90	0.7414	0.7318	greedy
90	0.655	0.662	greedy
90	0.7414	0.7318	exhaus
90	0.655	0.662	exhaus
91	0.6599	0.6661	greedy
91	0.6599	0.6661	exhaus
91	0.6106	0.6304	exhaus
92	0.572	0.5852	greedy
92	0.5292	0.5452	greedy
92	0.572	0.5852	exhaus
92	0.5292	0.5452	exhaus
93	0.5705	0.5973	greedy
93	0.5552	0.5813	greedy
93	0.5705	0.5973	exhaus
93	0.5552	0.5813	exhaus
94	0.5563	0.5829	greedy
94	0.5563	0.5829	exhaus
95	0.7153	0.7105	greedy
95	0.7493	0.7399	greedy
95	0.7153	0.7105	exhaus
95	0.7493	0.7399	exhaus
96	0.503	0.5452	greedy
96	0.503	0.5452	exhaus
97	0.5157	0.5526	greedy
97	0.5157	0.5526	exhaus
98	0.689	0.6919	greedy
98	0.689	0.6919	exhaus
99	0.6003	0.6248	greedy
99	0.6003	0.6248	exhaus
100	0.639	0.6569	greedy
100	0.6446	0.6578	greedy
100	0.6299	0.643	greedy
100	0.6355	0.6438	greedy
100	0.639	0.657	exhaus
100	0.6446	0.6579	exhaus
100	0.6299	0.643	exhaus
100	0.6355	0.6438	exhaus
101	0.8206	0.7907	greedy
101	0.8051	0.7717	greedy
101	0.7796	0.7491	exhaus
101	0.8206	0.7907	exhaus
101	0.7622	0.7336	exhaus
101	0.8051	0.7717	exhaus
102	0.5719	0.5913	greedy
102	0.5719	0.5913	exhaus
102	0.4781	0.522	exhaus
103	0.6331	0.6475	greedy
103	0.601	0.6331	greedy
103	0.5961	0.6245	greedy
103	0.6331	0.6475	exhaus
103	0.601	0.6331	exhaus
103	0.5961	0.6245	exhaus
104	0.6583	0.6697	greedy
104	0.6583	0.6696	exhaus
105	0.4393	0.4814	greedy
105	0.4138	0.4459	exhaus
105	0.4393	0.4814	exhaus
105	0.4086	0.4444	exhaus
106	0.6354	0.6487	greedy
106	0.6847	0.6844	greedy
106	0.6354	0.6487	exhaus
106	0.6847	0.6844	exhaus
107	0.5602	0.5833	greedy
107	0.5602	0.5833	greedy
107	0.5601	0.5833	exhaus
107	0.5601	0.5833	exhaus
108	0.5517	0.5896	greedy
108	0.5682	0.6001	exhaus
109	0.555	0.5899	greedy
109	0.555	0.5899	exhaus
110	0.6143	0.6293	greedy
110	0.5447	0.5752	greedy
110	0.6144	0.6293	exhaus
110	0.5447	0.5752	exhaus
110	0.5392	0.5593	exhaus
110	0.4696	0.5052	exhaus
111	0.7092	0.7079	greedy
111	0.6772	0.6837	greedy
111	0.5606	0.5644	greedy
111	0.6258	0.6474	greedy
111	0.6246	0.6189	exhaus
111	0.7092	0.7079	exhaus
111	0.6772	0.6837	exhaus
111	0.5606	0.5644	exhaus
111	0.5411	0.5584	exhaus
111	0.6258	0.6474	exhaus
112	0.8808	0.8442	greedy
112	0.8808	0.8442	exhaus
113	0.7004	0.6865	greedy
113	0.6487	0.6603	greedy
113	0.7004	0.6865	exhaus
113	0.6487	0.6603	exhaus
114	0.5554	0.5687	greedy
114	0.5984	0.6013	greedy
114	0.5554	0.5687	exhaus
114	0.5984	0.6013	exhaus
115	0.5135	0.5361	greedy
115	0.5135	0.5361	exhaus
116	0.6166	0.6302	greedy
116	0.6166	0.6302	exhaus
116	0.5822	0.6048	exhaus
117	0.7227	0.7127	greedy
117	0.7227	0.7127	exhaus
118	0.7932	0.7586	greedy
118	0.7932	0.7586	exhaus
119	0.7932	0.7586	greedy
119	0.7932	0.7586	exhaus
120	0.5444	0.5842	greedy
120	0.5444	0.5842	greedy
120	0.5913	0.6226	greedy
120	0.5506	0.5738	greedy
120	0.4978	0.5258	greedy
120	0.4978	0.5258	greedy
120	0.5447	0.5642	greedy
120	0.504	0.5154	greedy
120	0.416	0.451	exhaus
120	0.4816	0.5214	exhaus
120	0.5444	0.5842	exhaus
120	0.5444	0.5842	exhaus
120	0.5913	0.6226	exhaus
120	0.5506	0.5738	exhaus
120	0.4483	0.4754	exhaus
120	0.5138	0.5458	exhaus
120	0.5111	0.5382	exhaus
120	0.5766	0.6086	exhaus
120	0.435	0.463	exhaus
120	0.4703	0.4894	exhaus
120	0.5358	0.5598	exhaus
120	0.4978	0.5258	exhaus
120	0.4978	0.5258	exhaus
120	0.5447	0.5642	exhaus
120	0.504	0.5154	exhaus
121	0.6486	0.6417	greedy
121	0.6286	0.6311	greedy
121	0.6486	0.6417	exhaus
121	0.6286	0.6311	exhaus
122	0.4689	0.4848	greedy
122	0.4774	0.5092	greedy
122	0.4689	0.4848	greedy
122	0.4774	0.5092	greedy
122	0.4689	0.4848	exhaus
122	0.4225	0.4528	exhaus
122	0.4774	0.5092	exhaus
122	0.4689	0.4848	exhaus
122	0.4225	0.4528	exhaus
122	0.4774	0.5092	exhaus
123	0.5675	0.5953	greedy
123	0.5675	0.5953	exhaus
124	0.6847	0.6849	greedy
124	0.722	0.7217	greedy
124	0.6847	0.6849	exhaus
124	0.722	0.7217	exhaus
125	0.5474	0.581	greedy
125	0.5303	0.5631	greedy
125	0.5474	0.581	greedy
125	0.5474	0.581	exhaus
125	0.5303	0.5631	exhaus
125	0.5474	0.581	exhaus
126	0.5719	0.5794	greedy
126	0.5286	0.5381	exhaus
127	0.5692	0.5799	greedy
127	0.5692	0.5799	exhaus
128	0.5376	0.5591	greedy
128	0.5376	0.5591	exhaus
129	0.6156	0.6305	greedy
129	0.7544	0.7411	greedy
129	0.702	0.7003	greedy
129	0.6626	0.6689	greedy
129	0.5982	0.6151	exhaus
129	0.655	0.662	exhaus
129	0.6156	0.6305	exhaus
129	0.6847	0.6849	exhaus
129	0.6453	0.6534	exhaus
129	0.7544	0.7411	exhaus
129	0.6117	0.6261	exhaus
129	0.702	0.7003	exhaus
129	0.6626	0.6689	exhaus
130	0.7023	0.6935	greedy
130	0.7023	0.6935	exhaus
131	0.5664	0.6023	greedy
131	0.5664	0.6023	exhaus
132	0.5105	0.5486	greedy
132	0.4639	0.4902	greedy
132	0.4761	0.5208	exhaus
132	0.5105	0.5486	exhaus
132	0.4295	0.4624	exhaus
132	0.4639	0.4902	exhaus
133	0.6175	0.6343	greedy
133	0.6344	0.6426	greedy
133	0.6175	0.6343	exhaus
133	0.6344	0.6426	exhaus
134	0.6802	0.6785	greedy
134	0.7319	0.7201	greedy
134	0.7148	0.7105	greedy
134	0.6684	0.6797	exhaus
134	0.6802	0.6785	exhaus
134	0.7319	0.7201	exhaus
134	0.7148	0.7105	exhaus
135	0.6847	0.6849	greedy
135	0.7051	0.7063	greedy
135	0.7051	0.7063	greedy
135	0.6746	0.6695	greedy
135	0.6847	0.6849	exhaus
135	0.7051	0.7063	exhaus
135	0.7051	0.7063	exhaus
135	0.6746	0.6695	exhaus
136	0.7142	0.71	greedy
136	0.7142	0.71	exhaus
137	0.6366	0.6177	greedy
137	0.6366	0.6177	exhaus
137	0.6909	0.6828	exhaus
138	0.539	0.5601	greedy
138	0.539	0.5601	exhaus
139	0.5216	0.5417	greedy
139	0.5942	0.6157	greedy
139	0.5216	0.5417	exhaus
139	0.5942	0.6157	exhaus
139	0.5012	0.5254	exhaus
140	0.521	0.5494	greedy
140	0.538	0.5672	exhaus
140	0.521	0.5494	exhaus
141	0.7203	0.7015	greedy
141	0.6201	0.6081	greedy
141	0.7203	0.7015	exhaus
141	0.6201	0.6081	exhaus
142	0.6125	0.6345	greedy
142	0.6125	0.6345	exhaus
143	0.5615	0.5826	greedy
143	0.5615	0.5826	exhaus
144	0.544	0.5666	greedy
144	0.544	0.5666	exhaus
145	0.503	0.5452	greedy
145	0.503	0.5452	exhaus
145	0.5456	0.5774	exhaus
146	0.6159	0.6432	greedy
146	0.7157	0.7201	greedy
146	0.6156	0.6268	greedy
146	0.6159	0.6432	exhaus
146	0.7157	0.7201	exhaus
146	0.6156	0.6268	exhaus
147	0.5793	0.6033	greedy
147	0.5794	0.6033	exhaus
148	0.5515	0.579	greedy
148	0.5736	0.5905	greedy
148	0.5515	0.579	exhaus
148	0.5736	0.5905	exhaus
149	0.693	0.696	greedy
149	0.693	0.696	exhaus
150	0.491	0.5242	greedy
150	0.4982	0.5303	exhaus
150	0.491	0.5242	exhaus
151	0.5234	0.5454	greedy
151	0.5234	0.5454	exhaus
152	0.5622	0.5845	greedy
152	0.5622	0.5845	greedy
152	0.5622	0.5845	exhaus
152	0.5622	0.5845	exhaus
153	0.4378	0.4746	greedy
153	0.4378	0.4746	exhaus
154	0.5164	0.5616	greedy
154	0.5164	0.5616	exhaus
155	0.766	0.7548	greedy
155	0.766	0.7548	exhaus
156	0.7225	0.7217	greedy
156	0.6699	0.6919	greedy
156	0.6492	0.6465	greedy
156	0.7225	0.7217	exhaus
156	0.6699	0.6919	exhaus
156	0.6492	0.6465	exhaus
157	0.3873	0.4326	greedy
157	0.3873	0.4326	exhaus
158	0.6818	0.6801	greedy
158	0.6818	0.6801	exhaus
159	0.608	0.6182	greedy
159	0.6268	0.6386	greedy
159	0.5672	0.5886	greedy
159	0.608	0.6182	exhaus
159	0.6268	0.6387	exhaus
159	0.5672	0.5886	exhaus
160	0.6825	0.6943	greedy
160	0.6919	0.6849	greedy
160	0.6825	0.6943	exhaus
160	0.6919	0.6849	exhaus
161	0.6153	0.6333	greedy
161	0.5806	0.6125	greedy
161	0.6153	0.6333	exhaus
161	0.5806	0.6125	exhaus
161	0.6867	0.6967	exhaus
162	0.5614	0.6021	greedy
162	0.5614	0.602	exhaus
162	0.5783	0.6104	exhaus
162	0.543	0.5817	exhaus
163	0.7214	0.7175	greedy
163	0.6239	0.6357	greedy
163	0.6969	0.6945	greedy
163	0.6575	0.6631	greedy
163	0.7214	0.7175	exhaus
163	0.6239	0.6357	exhaus
163	0.6969	0.6945	exhaus
163	0.6575	0.6631	exhaus
164	0.6261	0.6485	greedy
164	0.6474	0.6584	exhaus
164	0.6214	0.6428	exhaus
164	0.6522	0.6641	exhaus
164	0.6261	0.6485	exhaus
164	0.5808	0.6128	exhaus
164	0.5856	0.6186	exhaus
165	0.7225	0.7217	greedy
165	0.7225	0.7217	exhaus
166	0.6654	0.6706	greedy
166	0.6654	0.6706	exhaus
167	0.518	0.5426	greedy
167	0.5829	0.595	greedy
167	0.5687	0.5874	greedy
167	0.518	0.5426	exhaus
167	0.5829	0.595	exhaus
167	0.5687	0.5874	exhaus
168	0.4915	0.501	greedy
168	0.5296	0.5349	greedy
168	0.4915	0.501	exhaus
168	0.5296	0.5349	exhaus
168	0.4508	0.4521	exhaus
169	0.6807	0.6828	greedy
169	0.6731	0.6713	greedy
169	0.5956	0.6175	exhaus
170	0.6735	0.6824	greedy
170	0.6155	0.6367	greedy
170	0.5817	0.6047	exhaus
170	0.6261	0.6466	exhaus
170	0.629	0.6405	exhaus
170	0.5711	0.5948	exhaus
170	0.6735	0.6824	exhaus
170	0.6155	0.6367	exhaus
170	0.5965	0.6185	exhaus
170	0.6438	0.6543	exhaus
170	0.5858	0.6086	exhaus
170	0.6571	0.6693	exhaus
170	0.5992	0.6236	exhaus
171	0.5692	0.5799	greedy
171	0.6236	0.645	greedy
171	0.5692	0.5799	exhaus
171	0.6236	0.645	exhaus
172	0.5977	0.6259	greedy
172	0.5977	0.6259	exhaus
173	0.5661	0.5988	greedy
173	0.5661	0.5988	exhaus
174	0.6025	0.6172	greedy
174	0.7414	0.7318	greedy
174	0.6025	0.6172	exhaus
174	0.7414	0.7318	exhaus
175	0.6795	0.685	greedy
175	0.7388	0.733	greedy
175	0.6844	0.6935	greedy
175	0.6795	0.685	exhaus
175	0.7388	0.733	exhaus
175	0.6844	0.6935	exhaus
176	0.6251	0.6309	greedy
176	0.6251	0.6309	exhaus
177	0.6553	0.6725	greedy
177	0.7094	0.7125	greedy
177	0.6553	0.6725	exhaus
177	0.7094	0.7125	exhaus
178	0.747	0.7447	greedy
178	0.636	0.6519	greedy
178	0.747	0.7447	exhaus
178	0.636	0.6519	exhaus
179	0.7142	0.71	greedy
179	0.7414	0.7318	greedy
179	0.655	0.662	greedy
179	0.7142	0.71	exhaus
179	0.7142	0.71	exhaus
179	0.7414	0.7318	exhaus
179	0.655	0.662	exhaus
180	0.5105	0.5486	greedy
180	0.56	0.5965	greedy
180	0.5255	0.5565	exhaus
180	0.5105	0.5486	exhaus
180	0.5601	0.5966	exhaus
181	0.4752	0.5074	greedy
181	0.4752	0.5074	exhaus
182	0.6234	0.6231	greedy
182	0.607	0.6135	greedy
182	0.6234	0.6231	exhaus
182	0.607	0.6135	exhaus
183	0.5091	0.5413	greedy
183	0.4479	0.4954	exhaus
183	0.5091	0.5413	exhaus
184	0.5311	0.5772	greedy
184	0.5311	0.5772	exhaus
185	0.4867	0.5396	greedy
185	0.4867	0.5396	exhaus
186	0.519	0.5572	greedy
186	0.519	0.5572	exhaus
187	0.6114	0.6097	greedy
187	0.6575	0.6631	greedy
187	0.6114	0.6097	exhaus
187	0.6575	0.6631	exhaus
188	0.503	0.5415	greedy
188	0.503	0.5415	exhaus
189	0.5028	0.5413	greedy
189	0.5304	0.5765	greedy
189	0.5028	0.5413	exhaus
189	0.5304	0.5765	exhaus
190	0.5508	0.5705	greedy
190	0.5508	0.5705	exhaus
190	0.5936	0.6105	exhaus
191	0.5534	0.5784	greedy
191	0.6069	0.6284	greedy
191	0.5624	0.5924	greedy
191	0.5534	0.5784	exhaus
191	0.6069	0.6284	exhaus
191	0.5624	0.5924	exhaus
191	0.5128	0.5484	exhaus
191	0.5219	0.5624	exhaus
192	0.5662	0.5848	greedy
192	0.5838	0.5938	greedy
192	0.5339	0.5604	exhaus
192	0.5662	0.5848	exhaus
192	0.514	0.5472	exhaus
192	0.5462	0.5716	exhaus
192	0.5838	0.5938	exhaus
193	0.4568	0.4805	greedy
193	0.4102	0.4222	greedy
193	0.4225	0.4528	exhaus
193	0.3844	0.4188	exhaus
193	0.3759	0.3944	exhaus
193	0.4568	0.4806	exhaus
193	0.4188	0.4466	exhaus
193	0.4102	0.4222	exhaus
194	0.6486	0.6428	greedy
194	0.6486	0.6428	exhaus
195	0.5958	0.6164	greedy
195	0.5958	0.6164	exhaus
196	0.582	0.6032	greedy
196	0.6278	0.6402	greedy
196	0.582	0.6032	exhaus
196	0.6278	0.6402	exhaus
197	0.5489	0.5897	greedy
197	0.5489	0.5897	exhaus
198	0.5196	0.5534	greedy
198	0.4936	0.5377	exhaus
198	0.5196	0.5533	exhaus
199	0.5958	0.6208	greedy
199	0.5958	0.6208	exhaus
200	0.646	0.6568	greedy
200	0.58	0.6016	greedy
200	0.646	0.6568	exhaus
200	0.58	0.6016	exhaus
201	0.8808	0.8442	greedy
201	0.7932	0.7586	exhaus
201	0.8808	0.8442	exhaus
202	0.6661	0.6747	greedy
202	0.6661	0.6747	exhaus
203	0.5275	0.5629	greedy
203	0.5275	0.5629	exhaus
204	0.4761	0.5208	greedy
204	0.4761	0.5208	exhaus
204	0.4761	0.5208	exhaus
205	0.549	0.5642	greedy
205	0.5167	0.5397	greedy
205	0.527	0.5371	exhaus
206	0.6123	0.6345	greedy
206	0.6174	0.636	greedy
206	0.6123	0.6345	exhaus
206	0.6174	0.636	exhaus
206	0.5537	0.5854	exhaus
207	0.6889	0.702	greedy
207	0.6889	0.702	exhaus
208	0.5828	0.5941	greedy
208	0.6369	0.6341	greedy
208	0.5828	0.5941	exhaus
208	0.6369	0.6341	exhaus
208	0.6827	0.6711	exhaus
209	0.6062	0.614	greedy
209	0.6062	0.614	exhaus
210	0.5046	0.5524	greedy
210	0.5198	0.562	greedy
210	0.5366	0.5778	exhaus
210	0.5366	0.5778	exhaus
211	0.5956	0.6175	greedy
211	0.5956	0.6175	exhaus
212	0.5142	0.571	greedy
212	0.4681	0.5278	greedy
212	0.5414	0.5822	greedy
212	0.4953	0.539	greedy
212	0.5142	0.571	exhaus
212	0.5414	0.5822	exhaus
212	0.4681	0.5278	exhaus
212	0.4953	0.539	exhaus
213	0.6129	0.6258	greedy
213	0.7023	0.6935	greedy
213	0.7023	0.6935	greedy
213	0.6785	0.6652	greedy
213	0.6129	0.6258	exhaus
213	0.7023	0.6935	exhaus
213	0.7023	0.6935	exhaus
213	0.6785	0.6652	exhaus
214	0.463	0.5022	greedy
214	0.463	0.5022	exhaus
214	0.4589	0.4964	exhaus
215	0.622	0.6459	greedy
215	0.622	0.6459	exhaus
215	0.6028	0.6278	exhaus
216	0.4843	0.5065	greedy
216	0.4588	0.4765	greedy
216	0.4843	0.5065	exhaus
216	0.4588	0.4765	exhaus
217	0.5982	0.6151	greedy
217	0.6352	0.638	greedy
217	0.5982	0.6151	greedy
217	0.5982	0.6151	exhaus
217	0.6352	0.638	exhaus
217	0.5982	0.6151	exhaus
218	0.6848	0.6848	greedy
218	0.6355	0.6492	greedy
218	0.6627	0.6733	greedy
218	0.5651	0.5916	exhaus
218	0.6849	0.6848	exhaus
218	0.61	0.6272	exhaus
218	0.6372	0.6513	exhaus
218	0.6355	0.6492	exhaus
218	0.6627	0.6733	exhaus
218	0.6589	0.6609	exhaus
218	0.584	0.6032	exhaus
218	0.6095	0.6252	exhaus
219	0.7661	0.7553	greedy
219	0.7315	0.7233	greedy
219	0.7661	0.7553	exhaus
219	0.7315	0.7233	exhaus
220	0.629	0.6395	greedy
220	0.629	0.6396	exhaus
221	0.614	0.6215	greedy
221	0.614	0.6215	exhaus
221	0.6359	0.6405	exhaus
221	0.6359	0.6405	exhaus
222	0.581	0.6068	greedy
222	0.581	0.6068	exhaus
223	0.6697	0.6765	greedy
223	0.653	0.6577	greedy
223	0.6697	0.6765	exhaus
223	0.653	0.6577	exhaus
224	0.5644	0.5827	greedy
224	0.5644	0.5827	exhaus
225	0.5581	0.5797	greedy
225	0.5596	0.5756	exhaus
225	0.5688	0.5829	exhaus
225	0.5581	0.5797	exhaus
226	0.6775	0.6737	greedy
226	0.6775	0.6737	exhaus
227	0.7932	0.7586	greedy
227	0.7932	0.7586	exhaus
228	0.5327	0.5485	greedy
228	0.5423	0.5637	greedy
228	0.5327	0.5485	exhaus
228	0.5423	0.5637	exhaus
229	0.5698	0.6025	greedy
229	0.5698	0.6025	exhaus
230	0.7142	0.71	greedy
230	0.6598	0.6705	greedy
230	0.6953	0.6999	greedy
230	0.6409	0.6605	greedy
230	0.7142	0.71	exhaus
230	0.6598	0.6705	exhaus
230	0.6953	0.6999	exhaus
230	0.6409	0.6605	exhaus
231	0.5196	0.5531	greedy
231	0.4703	0.5112	exhaus
232	0.6168	0.6286	greedy
232	0.6168	0.6286	exhaus
233	0.6657	0.6748	greedy
233	0.6847	0.6849	greedy
233	0.5606	0.5644	greedy
233	0.6657	0.6748	exhaus
233	0.6	0.5959	exhaus
233	0.6847	0.6849	exhaus
233	0.5606	0.5644	exhaus
234	0.6919	0.6849	greedy
234	0.702	0.7003	greedy
234	0.6919	0.6849	exhaus
234	0.702	0.7003	exhaus
235	0.608	0.6316	greedy
235	0.608	0.6315	exhaus
236	0.5107	0.5381	greedy
236	0.5107	0.5381	exhaus
237	0.6681	0.6566	greedy
237	0.655	0.662	greedy
237	0.6681	0.6566	exhaus
237	0.655	0.662	exhaus
238	0.5394	0.5736	greedy
238	0.5394	0.5736	exhaus
239	0.6553	0.6725	greedy
239	0.7349	0.7351	greedy
239	0.6553	0.6725	exhaus
239	0.7349	0.7351	exhaus
239	0.638	0.6571	exhaus
240	0.4938	0.538	greedy
240	0.5705	0.604	greedy
240	0.5776	0.6076	greedy
240	0.5926	0.6155	greedy
240	0.4938	0.538	greedy
240	0.5705	0.604	greedy
240	0.5776	0.6076	greedy
240	0.5926	0.6155	greedy
240	0.4938	0.5379	exhaus
240	0.5705	0.604	exhaus
240	0.5776	0.6075	exhaus
240	0.5926	0.6155	exhaus
240	0.4938	0.5379	exhaus
240	0.5705	0.604	exhaus
240	0.5776	0.6075	exhaus
240	0.5926	0.6155	exhaus
240	0.4008	0.4476	exhaus
240	0.4774	0.5136	exhaus
240	0.4846	0.5172	exhaus
240	0.4996	0.5252	exhaus
241	0.5466	0.5694	greedy
241	0.6218	0.6394	greedy
241	0.5466	0.5694	exhaus
241	0.6218	0.6394	exhaus
242	0.6626	0.6729	greedy
242	0.6626	0.6729	exhaus
243	0.7155	0.7149	greedy
243	0.7613	0.7431	greedy
243	0.685	0.6781	greedy
243	0.7155	0.7149	exhaus
243	0.7613	0.7431	exhaus
243	0.685	0.6781	exhaus
244	0.6745	0.6733	greedy
244	0.6745	0.6733	exhaus
245	0.6173	0.6113	greedy
245	0.6173	0.6113	exhaus
246	0.5296	0.5691	greedy
246	0.5092	0.5477	exhaus
246	0.5296	0.5691	exhaus
247	0.6207	0.6462	greedy
247	0.6207	0.6462	exhaus
248	0.5779	0.5799	greedy
248	0.6626	0.6689	greedy
248	0.5779	0.5799	exhaus
248	0.6626	0.6689	exhaus
248	0.5779	0.5799	exhaus
249	0.6392	0.6522	greedy
249	0.6487	0.6603	exhaus
249	0.6392	0.6522	exhaus
250	0.443	0.486	greedy
250	0.4479	0.4931	exhaus
250	0.443	0.486	exhaus
251	0.6153	0.6333	greedy
251	0.6153	0.6333	exhaus
252	0.5263	0.5653	greedy
252	0.4858	0.5294	greedy
252	0.5104	0.554	exhaus
253	0.6454	0.6484	greedy
253	0.6454	0.6484	exhaus
254	0.4616	0.5074	greedy
254	0.4616	0.5074	exhaus
255	0.442	0.4833	greedy
255	0.442	0.4833	exhaus
256	0.5784	0.5825	greedy
256	0.5784	0.5825	greedy
256	0.5692	0.5752	greedy
256	0.5692	0.5752	greedy
256	0.5118	0.537	exhaus
256	0.5379	0.5526	exhaus
256	0.5784	0.5825	exhaus
256	0.5287	0.5453	exhaus
256	0.5287	0.5453	exhaus
256	0.5784	0.5825	exhaus
256	0.5692	0.5752	exhaus
256	0.5692	0.5752	exhaus
256	0.4914	0.5206	exhaus
256	0.5319	0.5506	exhaus
256	0.5083	0.529	exhaus
256	0.5083	0.529	exhaus
256	0.5488	0.5589	exhaus
256	0.5488	0.5589	exhaus
256	0.5319	0.5506	exhaus
256	0.5488	0.5589	exhaus
256	0.5488	0.5589	exhaus
257	0.5225	0.5617	greedy
257	0.5225	0.5617	exhaus
257	0.5377	0.5713	exhaus
258	0.5828	0.6088	greedy
258	0.5828	0.6088	exhaus
259	0.5142	0.5466	greedy
259	0.5142	0.5466	exhaus
260	0.6304	0.6353	greedy
260	0.6897	0.6833	greedy
260	0.7169	0.7051	greedy
260	0.6304	0.6353	greedy
260	0.6304	0.6353	exhaus
260	0.6897	0.6833	exhaus
260	0.7169	0.7051	exhaus
260	0.6304	0.6353	exhaus
261	0.6391	0.6369	greedy
261	0.7027	0.6817	greedy
261	0.6391	0.6369	exhaus
261	0.7027	0.6817	exhaus
262	0.7255	0.7188	greedy
262	0.7255	0.7188	exhaus
263	0.5508	0.5911	greedy
263	0.5508	0.5911	exhaus
264	0.5966	0.6049	greedy
264	0.5966	0.6049	exhaus
265	0.6654	0.6706	greedy
265	0.6785	0.6652	greedy
265	0.6277	0.6199	greedy
265	0.6654	0.6706	exhaus
265	0.6785	0.6652	exhaus
265	0.6277	0.6199	exhaus
266	0.6361	0.6591	greedy
266	0.6299	0.6503	greedy
266	0.6132	0.6315	exhaus
266	0.607	0.6227	exhaus
266	0.6361	0.6591	exhaus
266	0.6299	0.6503	exhaus
267	0.593	0.6194	greedy
267	0.593	0.6194	exhaus
268	0.4909	0.5356	greedy
268	0.4909	0.5356	exhaus
269	0.5788	0.6091	greedy
269	0.6652	0.6789	greedy
269	0.5788	0.6091	exhaus
269	0.6652	0.6789	exhaus
270	0.6234	0.6231	greedy
270	0.6234	0.6231	exhaus
271	0.8245	0.7967	greedy
271	0.8245	0.7967	exhaus
272	0.7932	0.7586	greedy
272	0.7932	0.7586	exhaus
273	0.5783	0.6093	greedy
273	0.5358	0.5501	greedy
273	0.5783	0.6093	exhaus
273	0.5358	0.5501	exhaus
274	0.4128	0.4608	greedy
274	0.4128	0.4608	exhaus
274	0.4128	0.4608	exhaus
275	0.6278	0.647	greedy
275	0.642	0.6545	greedy
275	0.6511	0.6575	exhaus
276	0.5046	0.5324	greedy
276	0.4295	0.4624	exhaus
276	0.5046	0.5324	exhaus
277	0.6245	0.6373	greedy
277	0.6245	0.6373	exhaus
278	0.8808	0.8442	greedy
278	0.8808	0.8442	exhaus
279	0.7205	0.6973	greedy
279	0.8051	0.7717	greedy
279	0.7205	0.6973	exhaus
279	0.8051	0.7717	exhaus
279	0.6794	0.6557	exhaus
280	0.6469	0.6639	greedy
280	0.6469	0.6639	exhaus
281	0.7273	0.7137	greedy
281	0.6674	0.6583	greedy
281	0.7273	0.7137	exhaus
281	0.6674	0.6583	exhaus
281	0.685	0.6781	exhaus
282	0.8808	0.8442	greedy
282	0.8808	0.8442	exhaus
283	0.7094	0.7125	greedy
283	0.601	0.6331	greedy
283	0.63	0.6645	greedy
283	0.7094	0.7125	exhaus
283	0.7157	0.7201	exhaus
283	0.601	0.6331	exhaus
283	0.63	0.6645	exhaus
284	0.5501	0.5876	greedy
284	0.5501	0.5876	exhaus
285	0.5462	0.5765	greedy
285	0.5462	0.5765	exhaus
286	0.5901	0.6133	greedy
286	0.5901	0.6133	exhaus
287	0.5432	0.5754	greedy
287	0.6181	0.633	greedy
287	0.5609	0.5843	greedy
287	0.5432	0.5754	exhaus
287	0.6181	0.633	exhaus
287	0.5609	0.5843	exhaus
288	0.5734	0.6007	greedy
288	0.6231	0.6439	greedy
288	0.5613	0.5821	greedy
288	0.6526	0.6593	greedy
288	0.5734	0.6007	exhaus
288	0.6231	0.6439	exhaus
288	0.5613	0.5821	exhaus
288	0.6526	0.6593	exhaus
289	0.4421	0.4666	greedy
289	0.4421	0.4666	exhaus
290	0.6746	0.6695	greedy
290	0.6746	0.6695	exhaus
291	0.6573	0.659	greedy
291	0.5643	0.5686	greedy
291	0.6573	0.659	exhaus
291	0.5643	0.5686	exhaus
292	0.6401	0.6577	greedy
292	0.6523	0.6674	greedy
292	0.6401	0.6577	exhaus
292	0.6523	0.6674	exhaus
293	0.445	0.4757	greedy
293	0.445	0.4757	exhaus
294	0.4119	0.4432	greedy
294	0.4438	0.4876	greedy
294	0.4438	0.4876	greedy
294	0.4119	0.4432	exhaus
294	0.4438	0.4876	exhaus
294	0.4438	0.4876	exhaus
294	0.395	0.4348	exhaus
295	0.6314	0.63	greedy
295	0.6522	0.6754	greedy
295	0.6314	0.63	exhaus
295	0.6522	0.6754	exhaus
295	0.6156	0.6268	exhaus
296	0.5759	0.6058	greedy
296	0.5759	0.6058	exhaus
297	0.544	0.5361	greedy
297	0.6156	0.6268	greedy
297	0.544	0.5361	exhaus
297	0.6156	0.6268	exhaus
298	0.5315	0.5698	greedy
298	0.5315	0.5698	exhaus
299	0.5449	0.5778	greedy
299	0.5449	0.5778	exhaus
300	0.5377	0.5593	greedy
300	0.5377	0.5593	exhaus
301	0.5501	0.5832	greedy
301	0.5155	0.5432	greedy
301	0.5499	0.5709	exhaus
301	0.5501	0.5832	exhaus
301	0.5155	0.5432	exhaus
302	0.6294	0.6283	greedy
302	0.6569	0.6647	greedy
302	0.6343	0.6225	exhaus
302	0.6709	0.6711	exhaus
303	0.5724	0.5909	greedy
303	0.5724	0.5909	exhaus
304	0.5057	0.5085	greedy
304	0.5057	0.5085	exhaus
305	0.6809	0.6801	greedy
305	0.6558	0.6529	greedy
305	0.6809	0.6801	exhaus
305	0.6558	0.6529	exhaus
306	0.5982	0.6151	greedy
306	0.5982	0.6151	greedy
306	0.6321	0.6551	greedy
306	0.5982	0.6151	exhaus
306	0.5982	0.6151	exhaus
306	0.6321	0.6551	exhaus
307	0.5251	0.5472	greedy
307	0.6003	0.6248	exhaus
308	0.5848	0.6058	greedy
308	0.5848	0.6058	exhaus
309	0.551	0.5785	greedy
309	0.5974	0.6105	greedy
309	0.5679	0.5869	greedy
309	0.5679	0.5869	greedy
309	0.551	0.5785	exhaus
309	0.5974	0.6104	exhaus
309	0.5679	0.5869	exhaus
309	0.5679	0.5868	exhaus
310	0.6095	0.6355	greedy
310	0.6095	0.6355	exhaus
311	0.5956	0.6175	greedy
311	0.5956	0.6175	exhaus
312	0.5144	0.5474	greedy
312	0.516	0.5504	greedy
312	0.6073	0.6342	greedy
312	0.6089	0.6372	greedy
312	0.5145	0.5377	exhaus
312	0.5165	0.5414	exhaus
313	0.6795	0.6892	greedy
313	0.6795	0.6892	exhaus
314	0.7932	0.7586	greedy
314	0.7932	0.7586	exhaus
315	0.692	0.697	greedy
315	0.638	0.6571	greedy
315	0.6258	0.6474	greedy
315	0.692	0.697	exhaus
315	0.5489	0.5897	exhaus
315	0.638	0.6571	exhaus
315	0.6258	0.6474	exhaus
316	0.593	0.6194	greedy
316	0.6723	0.678	greedy
316	0.593	0.6194	exhaus
316	0.6723	0.678	exhaus
317	0.7932	0.7586	greedy
317	0.7932	0.7586	exhaus
318	0.5172	0.5554	greedy
318	0.49	0.5443	greedy
318	0.5179	0.5478	exhaus
318	0.4839	0.5338	exhaus
319	0.5528	0.5756	greedy
319	0.4943	0.5265	exhaus
319	0.5835	0.6126	exhaus
319	0.5528	0.5756	exhaus
320	0.4359	0.4864	greedy
320	0.4432	0.4976	greedy
320	0.4654	0.5114	greedy
320	0.4359	0.4864	exhaus
320	0.4432	0.4976	exhaus
320	0.4654	0.5114	exhaus
321	0.5274	0.5569	greedy
321	0.5274	0.5569	exhaus
322	0.5486	0.5801	greedy
322	0.5486	0.5801	exhaus
323	0.6867	0.6967	greedy
323	0.6867	0.6967	exhaus
324	0.5173	0.5364	greedy
324	0.5516	0.5641	greedy
324	0.5173	0.5364	exhaus
324	0.5516	0.5641	exhaus
325	0.5862	0.6094	greedy
325	0.5862	0.6094	exhaus
326	0.7932	0.7586	greedy
326	0.7932	0.7586	exhaus
327	0.5295	0.5457	greedy
327	0.5295	0.5457	exhaus
328	0.5358	0.5501	greedy
328	0.5734	0.6007	greedy
328	0.6231	0.6439	greedy
328	0.5358	0.5501	exhaus
328	0.5734	0.6007	exhaus
328	0.6231	0.6439	exhaus
329	0.6417	0.6618	greedy
329	0.6179	0.6362	greedy
329	0.6417	0.6618	exhaus
329	0.6179	0.6362	exhaus
330	0.6927	0.6796	greedy
330	0.7165	0.7079	greedy
330	0.6927	0.6796	exhaus
330	0.7165	0.7079	exhaus
331	0.5858	0.62	greedy
331	0.5522	0.594	greedy
331	0.5858	0.62	exhaus
331	0.5522	0.594	exhaus
332	0.6326	0.6487	greedy
332	0.6104	0.6237	greedy
332	0.6326	0.6487	exhaus
332	0.6104	0.6237	exhaus
333	0.5561	0.5853	greedy
333	0.593	0.6082	greedy
333	0.6425	0.6551	greedy
333	0.59	0.6253	greedy
333	0.5561	0.5853	exhaus
333	0.593	0.6082	exhaus
333	0.6425	0.6551	exhaus
333	0.59	0.6253	exhaus
334	0.5801	0.581	greedy
334	0.5458	0.5598	exhaus
334	0.5801	0.581	exhaus
335	0.6775	0.6737	greedy
335	0.7115	0.703	greedy
335	0.5458	0.5703	greedy
335	0.6775	0.6737	exhaus
335	0.7437	0.7233	exhaus
335	0.7115	0.703	exhaus
335	0.5458	0.5703	exhaus
336	0.5251	0.5472	greedy
336	0.5251	0.5472	exhaus
337	0.5584	0.5836	greedy
337	0.5584	0.5836	exhaus
338	0.4792	0.528	greedy
338	0.4792	0.528	exhaus
339	0.5977	0.6294	greedy
339	0.5915	0.6205	greedy
339	0.5977	0.6294	exhaus
339	0.5915	0.6205	exhaus
340	0.6173	0.6113	greedy
340	0.7682	0.7499	greedy
340	0.6173	0.6113	exhaus
340	0.6442	0.6295	exhaus
340	0.7682	0.7499	exhaus
341	0.655	0.662	greedy
341	0.655	0.662	exhaus
342	0.6598	0.6705	greedy
342	0.6867	0.6887	greedy
342	0.6598	0.6705	exhaus
342	0.6867	0.6887	exhaus
343	0.6934	0.6833	greedy
343	0.6934	0.6833	exhaus
344	0.6035	0.6265	greedy
344	0.6035	0.6265	exhaus
345	0.7748	0.7625	greedy
345	0.7863	0.7713	greedy
345	0.7938	0.7725	greedy
345	0.7748	0.7625	exhaus
345	0.7863	0.7713	exhaus
345	0.7938	0.7725	exhaus
346	0.4507	0.4908	greedy
346	0.4663	0.5248	greedy
346	0.4507	0.4908	exhaus
346	0.4663	0.5248	exhaus
347	0.6518	0.659	greedy
347	0.6316	0.6454	greedy
347	0.6818	0.6801	exhaus
348	0.5095	0.5213	greedy
348	0.5369	0.5578	greedy
348	0.5274	0.5426	greedy
348	0.5095	0.5213	exhaus
348	0.4866	0.4937	exhaus
348	0.5369	0.5578	exhaus
348	0.5274	0.5426	exhaus
348	0.4724	0.4862	exhaus
349	0.6277	0.6199	greedy
349	0.6654	0.6706	greedy
349	0.6277	0.6199	exhaus
349	0.6654	0.6706	exhaus
350	0.6283	0.6316	greedy
350	0.6283	0.6316	exhaus
351	0.5678	0.5761	greedy
351	0.5605	0.5703	greedy
351	0.5798	0.5824	greedy
351	0.5678	0.5761	exhaus
351	0.5605	0.5703	exhaus
351	0.5798	0.5824	exhaus
352	0.6476	0.6493	greedy
352	0.6476	0.6493	exhaus
353	0.5687	0.5884	greedy
353	0.5687	0.5884	exhaus
354	0.6404	0.6605	greedy
354	0.6404	0.6605	exhaus
355	0.6353	0.6439	greedy
355	0.6353	0.6439	exhaus
356	0.636	0.6519	greedy
356	0.636	0.6519	exhaus
357	0.6013	0.6224	greedy
357	0.5627	0.5952	greedy
357	0.6013	0.6224	exhaus
357	0.5627	0.5952	exhaus
358	0.6146	0.632	greedy
358	0.581	0.606	greedy
358	0.5956	0.6175	exhaus
359	0.5738	0.5993	greedy
359	0.5294	0.5634	greedy
359	0.5738	0.5993	exhaus
359	0.5294	0.5634	exhaus
359	0.5223	0.5598	exhaus
359	0.5314	0.567	exhaus
360	0.5261	0.5484	greedy
360	0.5188	0.5426	greedy
360	0.5769	0.6018	exhaus
360	0.5261	0.5484	exhaus
360	0.5188	0.5426	exhaus
361	0.5963	0.6221	greedy
361	0.5909	0.6137	exhaus
361	0.5963	0.6221	exhaus
362	0.7414	0.7281	greedy
362	0.5928	0.5847	greedy
362	0.7414	0.7281	exhaus
362	0.6246	0.6189	exhaus
362	0.5928	0.5847	exhaus
363	0.4485	0.4684	greedy
363	0.4485	0.4684	exhaus
364	0.6604	0.646	greedy
364	0.6604	0.646	exhaus
365	0.555	0.5829	greedy
365	0.5309	0.5677	exhaus
365	0.555	0.5829	exhaus
366	0.668	0.6827	greedy
366	0.6858	0.6951	exhaus
367	0.62	0.6376	greedy
367	0.62	0.6376	exhaus
367	0.6157	0.6309	exhaus
368	0.5437	0.5797	greedy
368	0.6553	0.6725	greedy
368	0.5437	0.5797	exhaus
368	0.6553	0.6725	exhaus
369	0.5468	0.5664	greedy
369	0.5468	0.5664	exhaus
370	0.6772	0.6837	greedy
370	0.6575	0.6631	greedy
370	0.6772	0.6837	exhaus
370	0.6575	0.6631	exhaus
371	0.6772	0.6837	greedy
371	0.6772	0.6837	exhaus
372	0.4996	0.5254	greedy
372	0.4996	0.5254	exhaus
372	0.4792	0.509	exhaus
373	0.6731	0.6834	greedy
373	0.6082	0.6342	greedy
373	0.6731	0.6834	exhaus
373	0.6082	0.6342	exhaus
373	0.5633	0.5982	exhaus
374	0.6348	0.6457	greedy
374	0.5956	0.6175	exhaus
375	0.6455	0.6559	greedy
375	0.6455	0.6559	exhaus
376	0.6183	0.6344	greedy
376	0.6183	0.6344	exhaus
377	0.5833	0.5961	greedy
377	0.5833	0.5961	exhaus
377	0.5255	0.5565	exhaus
378	0.56	0.6004	greedy
378	0.56	0.6004	exhaus
379	0.5524	0.5902	greedy
379	0.5129	0.5568	greedy
379	0.5524	0.5902	exhaus
379	0.5129	0.5568	exhaus
380	0.6709	0.6711	greedy
380	0.6732	0.6663	greedy
380	0.6709	0.6711	exhaus
380	0.6732	0.6663	exhaus
381	0.5844	0.617	greedy
381	0.5844	0.617	exhaus
382	0.5717	0.5988	greedy
382	0.5332	0.5716	greedy
382	0.5717	0.5988	exhaus
382	0.5332	0.5716	exhaus
383	0.5606	0.5644	greedy
383	0.5606	0.5644	exhaus
384	0.6246	0.6189	greedy
384	0.6246	0.6189	exhaus
384	0.5381	0.5533	exhaus
385	0.7249	0.7078	greedy
385	0.7249	0.7078	exhaus
386	0.6598	0.6705	greedy
386	0.5613	0.5821	greedy
386	0.5358	0.5501	greedy
386	0.6231	0.6439	greedy
386	0.6598	0.6705	exhaus
386	0.5613	0.5821	exhaus
386	0.5358	0.5501	exhaus
386	0.6231	0.6439	exhaus
386	0.7047	0.7052	exhaus
386	0.5806	0.5847	exhaus
387	0.5806	0.5847	greedy
387	0.5806	0.5847	exhaus
388	0.6927	0.6796	greedy
388	0.6927	0.6796	exhaus
389	0.5746	0.5857	greedy
389	0.5746	0.5857	exhaus
390	0.5221	0.5329	greedy
390	0.5221	0.5329	greedy
390	0.5221	0.5329	exhaus
390	0.5221	0.5329	exhaus
391	0.7932	0.7586	greedy
391	0.7932	0.7586	exhaus
392	0.5136	0.5261	greedy
392	0.5136	0.5261	exhaus
393	0.693	0.696	greedy
393	0.693	0.696	exhaus
394	0.474	0.5012	greedy
394	0.474	0.5012	exhaus
395	0.584	0.6008	greedy
395	0.5412	0.5608	greedy
395	0.584	0.6008	exhaus
395	0.5412	0.5608	exhaus
396	0.5884	0.5992	greedy
396	0.5632	0.5788	exhaus
396	0.5135	0.5416	exhaus
396	0.5884	0.5993	exhaus
397	0.451	0.4644	greedy
397	0.489	0.4984	greedy
397	0.3759	0.3944	exhaus
397	0.451	0.4644	exhaus
397	0.489	0.4984	exhaus
398	0.5727	0.5925	greedy
398	0.5727	0.5925	exhaus
399	0.7297	0.7293	greedy
399	0.6867	0.6967	greedy
399	0.7297	0.7293	exhaus
399	0.6867	0.6967	exhaus
400	0.5734	0.6007	greedy
400	0.5358	0.5501	greedy
400	0.5734	0.6007	exhaus
400	0.5358	0.5501	exhaus
401	0.6847	0.6849	greedy
401	0.7115	0.703	greedy
401	0.6847	0.6849	exhaus
401	0.7115	0.703	exhaus
402	0.4997	0.536	greedy
402	0.52	0.5622	greedy
402	0.5178	0.547	exhaus
403	0.6872	0.6972	greedy
403	0.6642	0.679	greedy
403	0.6872	0.6972	exhaus
403	0.6642	0.679	exhaus
403	0.5824	0.6133	exhaus
404	0.7142	0.71	greedy
404	0.6681	0.6566	greedy
404	0.7142	0.71	exhaus
404	0.6681	0.6566	exhaus
405	0.7004	0.6865	greedy
405	0.617	0.6261	greedy
405	0.7004	0.6865	exhaus
405	0.617	0.6261	exhaus
406	0.8808	0.8442	greedy
406	0.8808	0.8442	exhaus
407	0.6889	0.702	greedy
407	0.6889	0.702	exhaus
408	0.4882	0.5182	greedy
408	0.4831	0.5167	exhaus
408	0.4882	0.5182	exhaus
408	0.4393	0.4814	exhaus
409	0.7755	0.7575	greedy
409	0.7755	0.7575	exhaus
409	0.7237	0.7127	exhaus
410	0.6343	0.6225	greedy
410	0.6343	0.6225	exhaus
411	0.6099	0.6378	greedy
411	0.6099	0.6378	exhaus
412	0.6847	0.6849	greedy
412	0.7051	0.7063	greedy
412	0.6453	0.6534	greedy
412	0.6657	0.6748	greedy
412	0.6847	0.6849	exhaus
412	0.6453	0.6534	exhaus
412	0.7051	0.7063	exhaus
412	0.6657	0.6748	exhaus
413	0.562	0.586	greedy
413	0.5976	0.6148	greedy
413	0.5717	0.5988	exhaus
413	0.6162	0.6348	exhaus
414	0.482	0.5014	greedy
414	0.482	0.5014	exhaus
415	0.5139	0.5407	greedy
415	0.5139	0.5407	exhaus
416	0.7938	0.7725	greedy
416	0.5852	0.6017	exhaus
416	0.7938	0.7725	exhaus
416	0.7318	0.7299	exhaus
417	0.6436	0.6299	greedy
417	0.6436	0.6299	exhaus
417	0.6236	0.6193	exhaus
418	0.479	0.4901	greedy
418	0.479	0.4901	exhaus
419	0.4811	0.5176	greedy
419	0.4801	0.5116	exhaus
420	0.7682	0.7499	greedy
420	0.7315	0.7233	greedy
420	0.7928	0.7729	greedy
420	0.7682	0.7499	exhaus
420	0.7315	0.7233	exhaus
420	0.7928	0.7729	exhaus
421	0.5109	0.538	greedy
421	0.5242	0.553	greedy
421	0.4873	0.5224	exhaus
421	0.5151	0.5396	exhaus
422	0.5051	0.5437	greedy
422	0.5244	0.5559	greedy
422	0.5051	0.5437	exhaus
422	0.5244	0.5559	exhaus
423	0.5946	0.6212	greedy
423	0.5874	0.6176	greedy
423	0.5945	0.6212	exhaus
423	0.5874	0.6176	exhaus
424	0.6159	0.6432	greedy
424	0.6159	0.6432	exhaus
425	0.5149	0.5596	greedy
425	0.5149	0.5596	exhaus
426	0.5705	0.6016	greedy
426	0.5742	0.608	greedy
426	0.5563	0.594	exhaus
426	0.5705	0.6016	exhaus
426	0.56	0.6004	exhaus
426	0.5742	0.608	exhaus
427	0.5022	0.5342	greedy
427	0.5022	0.5342	exhaus
428	0.5606	0.5886	greedy
428	0.605	0.6245	greedy
428	0.5606	0.5885	exhaus
428	0.5201	0.5586	exhaus
428	0.605	0.6245	exhaus
429	0.5211	0.547	greedy
429	0.5211	0.547	greedy
429	0.5452	0.5622	greedy
429	0.5452	0.5622	greedy
429	0.4477	0.4733	exhaus
429	0.4477	0.4733	exhaus
429	0.4718	0.4885	exhaus
429	0.4718	0.4885	exhaus
429	0.5211	0.547	exhaus
429	0.5211	0.547	exhaus
429	0.5452	0.5622	exhaus
429	0.5452	0.5622	exhaus
430	0.6688	0.6839	greedy
430	0.6688	0.6839	exhaus
430	0.6181	0.6391	exhaus
431	0.6626	0.6689	greedy
431	0.6495	0.6705	greedy
431	0.702	0.7003	greedy
431	0.6626	0.6689	exhaus
431	0.6495	0.6705	exhaus
431	0.702	0.7003	exhaus
432	0.555	0.5899	greedy
432	0.555	0.5899	exhaus
433	0.5875	0.5945	greedy
433	0.5443	0.5525	exhaus
434	0.6796	0.6837	greedy
434	0.6796	0.6837	exhaus
435	0.5638	0.595	greedy
435	0.5638	0.595	exhaus
435	0.555	0.5926	exhaus
435	0.4887	0.525	exhaus
436	0.4876	0.5239	greedy
436	0.518	0.5493	greedy
436	0.4876	0.5239	greedy
436	0.518	0.5493	greedy
436	0.4876	0.5239	exhaus
436	0.518	0.5493	exhaus
436	0.4876	0.5239	exhaus
436	0.518	0.5493	exhaus
437	0.4774	0.5136	greedy
437	0.4774	0.5136	greedy
437	0.4866	0.5208	exhaus
437	0.4774	0.5136	exhaus
437	0.4774	0.5136	exhaus
437	0.4774	0.5136	exhaus
437	0.4774	0.5136	exhaus
438	0.5203	0.5417	greedy
438	0.5756	0.5986	exhaus
439	0.5849	0.6021	greedy
439	0.5849	0.6021	exhaus
440	0.5634	0.5797	greedy
440	0.5634	0.5797	greedy
440	0.5634	0.5797	exhaus
440	0.5634	0.5797	exhaus
441	0.5529	0.5605	greedy
441	0.5528	0.5605	exhaus
442	0.5983	0.6146	greedy
442	0.5983	0.6146	exhaus
443	0.6379	0.6562	greedy
443	0.5895	0.6099	greedy
443	0.6379	0.6562	exhaus
443	0.5895	0.6099	exhaus
444	0.5546	0.5793	greedy
444	0.5546	0.5793	exhaus
