IDX	Exhaus	First	Statistic
0	3	5	PE
1	3	9	PE
2	2	2	PE
3	4	5	PE
4	3	4	PE
5	3	6	PE
6	3	4	PE
7	2	2	PE
8	3	6	PE
9	2	4	PE
10	2	2	PE
11	3	5	PE
12	3	3	PE
13	3	5	PE
14	3	4	PE
15	3	6	PE
16	3	8	PE
17	3	6	PE
18	2	5	PE
19	3	8	PE
20	2	4	PE
21	2	5	PE
22	3	7	PE
23	3	6	PE
24	4	8	PE
25	3	3	PE
26	3	7	PE
27	2	2	PE
28	3	4	PE
29	2	4	PE
30	2	3	PE
31	2	3	PE
32	2	2	PE
33	3	7	PE
34	3	5	PE
35	3	6	PE
36	3	3	PE
37	3	4	PE
38	3	4	PE
39	3	4	PE
40	4	6	PE
41	3	4	PE
42	3	4	PE
43	3	7	PE
44	3	7	PE
45	3	7	PE
46	4	8	PE
47	2	2	PE
48	3	3	PE
49	2	2	PE
50	4	10	PE
51	3	4	PE
52	2	4	PE
53	2	4	PE
54	3	8	PE
55	3	5	PE
56	2	3	PE
57	2	2	PE
58	2	3	PE
59	3	8	PE
60	2	2	PE
61	3	5	PE
62	2	2	PE
63	3	3	PE
64	3	5	PE
65	4	9	PE
66	3	6	PE
67	2	5	PE
68	2	3	PE
69	3	3	PE
70	3	3	PE
71	2	2	PE
72	2	2	PE
73	3	6	PE
74	3	5	PE
75	2	2	PE
76	2	2	PE
77	3	4	PE
78	3	6	PE
79	3	6	PE
80	3	7	PE
81	3	5	PE
82	2	5	PE
83	3	4	PE
84	3	5	PE
85	4	10	PE
86	2	2	PE
87	2	2	PE
88	2	3	PE
89	3	5	PE
90	2	3	PE
91	3	5	PE
92	2	3	PE
93	2	3	PE
94	2	2	PE
95	2	4	PE
96	3	4	PE
97	2	6	PE
98	3	3	PE
99	3	3	PE
100	3	6	PE
101	3	5	PE
102	2	5	PE
103	3	5	PE
104	2	5	PE
105	2	2	PE
106	2	2	PE
107	3	4	PE
108	2	2	PE
109	2	3	PE
110	3	5	PE
111	2	2	PE
112	2	3	PE
113	3	4	PE
114	4	8	PE
115	3	5	PE
116	3	6	PE
117	3	7	PE
118	3	7	PE
119	4	5	PE
120	2	5	PE
121	2	3	PE
122	3	5	PE
123	3	6	PE
124	2	6	PE
125	2	5	PE
126	3	6	PE
127	4	6	PE
128	2	2	PE
129	3	6	PE
130	3	9	PE
131	3	5	PE
132	2	5	PE
133	2	4	PE
134	2	2	PE
135	3	7	PE
136	3	5	PE
137	3	5	PE
138	3	8	PE
139	4	6	PE
140	2	4	PE
141	2	2	PE
142	2	2	PE
143	2	2	PE
144	3	7	PE
145	3	3	PE
146	3	4	PE
147	3	4	PE
148	3	6	PE
149	2	3	PE
150	3	6	PE
151	3	5	PE
152	2	2	PE
153	2	2	PE
154	2	4	PE
155	2	4	PE
156	2	8	PE
157	3	3	PE
158	4	5	PE
159	3	3	PE
160	4	9	PE
161	2	2	PE
162	2	3	PE
163	3	6	PE
164	2	3	PE
165	2	4	PE
166	3	4	PE
167	3	4	PE
168	2	4	PE
169	2	3	PE
170	3	10	PE
171	2	5	PE
172	3	3	PE
173	3	4	PE
174	3	5	PE
175	3	3	PE
176	3	7	PE
177	2	4	PE
178	2	5	PE
179	2	5	PE
180	2	2	PE
181	3	4	PE
182	2	3	PE
183	3	3	PE
184	3	5	PE
185	3	5	PE
186	3	7	PE
187	3	5	PE
188	2	2	PE
189	4	10	PE
190	3	5	PE
191	3	6	PE
192	2	3	PE
193	2	2	PE
194	3	6	PE
195	2	2	PE
196	3	7	PE
197	2	5	PE
198	2	2	PE
199	2	4	PE
200	3	3	PE
201	4	8	PE
202	3	6	PE
203	3	6	PE
204	2	2	PE
205	2	5	PE
206	2	2	PE
207	3	9	PE
208	3	3	PE
209	3	7	PE
210	3	3	PE
211	2	4	PE
212	3	6	PE
213	2	2	PE
214	2	6	PE
215	4	5	PE
216	3	5	PE
217	2	6	PE
218	2	2	PE
219	2	3	PE
220	2	4	PE
221	2	2	PE
222	3	5	PE
223	3	7	PE
224	3	5	PE
225	3	6	PE
226	3	9	PE
227	3	6	PE
228	3	5	PE
229	2	3	PE
230	3	3	PE
231	2	2	PE
232	4	4	PE
233	3	4	PE
234	3	5	PE
235	2	6	PE
236	3	3	PE
237	2	2	PE
238	2	2	PE
239	2	5	PE
240	2	2	PE
241	3	5	PE
242	2	4	PE
243	3	3	PE
244	2	5	PE
245	2	2	PE
246	3	7	PE
247	2	8	PE
248	4	5	PE
249	3	3	PE
250	2	2	PE
251	3	3	PE
252	2	3	PE
253	2	3	PE
254	2	3	PE
255	3	8	PE
256	2	2	PE
257	3	4	PE
258	2	2	PE
259	2	4	PE
260	2	3	PE
261	4	5	PE
262	2	2	PE
263	3	6	PE
264	3	10	PE
265	3	3	PE
266	4	6	PE
267	3	6	PE
268	2	4	PE
269	3	6	PE
270	3	5	PE
271	2	2	PE
272	3	5	PE
273	2	3	PE
274	2	4	PE
275	3	3	PE
276	3	4	PE
277	3	4	PE
278	3	8	PE
279	2	2	PE
280	3	6	PE
281	3	5	PE
282	3	6	PE
283	2	2	PE
284	3	6	PE
285	3	6	PE
286	3	5	PE
287	2	4	PE
288	4	9	PE
289	2	2	PE
290	3	5	PE
291	3	7	PE
292	2	6	PE
293	2	4	PE
294	2	2	PE
295	2	3	PE
296	3	5	PE
297	2	2	PE
298	2	4	PE
299	2	4	PE
300	2	8	PE
301	3	4	PE
302	2	2	PE
303	2	2	PE
304	3	4	PE
305	3	8	PE
306	2	4	PE
307	3	4	PE
308	2	8	PE
309	3	7	PE
310	3	7	PE
311	3	4	PE
312	2	3	PE
313	2	2	PE
314	2	6	PE
315	2	2	PE
316	4	6	PE
317	2	4	PE
318	3	6	PE
319	3	4	PE
320	3	5	PE
321	3	9	PE
322	4	6	PE
323	2	2	PE
324	3	5	PE
325	2	5	PE
326	3	5	PE
327	2	2	PE
328	3	5	PE
329	2	3	PE
330	2	4	PE
331	3	4	PE
332	2	4	PE
333	3	4	PE
334	3	9	PE
335	3	6	PE
336	3	3	PE
337	2	6	PE
338	3	4	PE
339	4	5	PE
340	3	6	PE
341	3	4	PE
342	3	5	PE
343	3	5	PE
344	4	4	PE
345	3	8	PE
346	3	6	PE
347	2	9	PE
348	2	2	PE
349	3	7	PE
350	2	2	PE
351	2	2	PE
352	2	6	PE
353	3	10	PE
354	4	6	PE
355	3	5	PE
356	2	5	PE
357	2	4	PE
358	3	4	PE
359	2	4	PE
360	2	2	PE
361	2	3	PE
362	4	8	PE
363	3	5	PE
364	3	8	PE
365	3	6	PE
366	2	2	PE
367	2	2	PE
368	2	3	PE
369	2	6	PE
370	2	3	PE
371	2	3	PE
372	3	5	PE
373	3	3	PE
374	2	2	PE
375	2	5	PE
376	3	4	PE
377	3	4	PE
378	2	3	PE
379	3	6	PE
380	3	7	PE
381	2	2	PE
382	3	6	PE
383	3	3	PE
384	3	9	PE
385	3	6	PE
386	3	6	PE
387	2	5	PE
388	3	4	PE
389	3	6	PE
390	2	3	PE
391	3	6	PE
392	3	4	PE
393	4	5	PE
394	2	3	PE
395	2	4	PE
396	2	2	PE
397	3	3	PE
398	4	8	PE
399	2	6	PE
400	3	4	PE
401	2	3	PE
402	3	5	PE
403	3	6	PE
404	4	5	PE
405	2	5	PE
406	3	4	PE
407	2	4	PE
408	3	4	PE
409	2	5	PE
410	2	2	PE
411	3	3	PE
412	2	2	PE
413	3	4	PE
414	3	6	PE
415	2	2	PE
416	3	4	PE
417	2	9	PE
418	2	2	PE
419	3	6	PE
420	2	6	PE
421	2	2	PE
422	3	5	PE
423	3	4	PE
424	3	3	PE
425	3	7	PE
426	2	8	PE
427	3	7	PE
428	3	4	PE
429	3	4	PE
430	3	5	PE
431	2	2	PE
432	2	2	PE
433	2	3	PE
434	2	5	PE
435	3	3	PE
436	3	6	PE
437	3	10	PE
438	4	6	PE
439	4	7	PE
440	3	7	PE
441	3	4	PE
442	3	5	PE
443	3	4	PE
444	3	6	PE
445	3	4	PE
446	4	5	PE
447	3	3	PE
448	3	6	PE
449	3	4	PE
450	3	3	PE
451	3	8	PE
452	3	7	PE
453	3	3	PE
454	2	3	PE
455	2	4	PE
456	2	2	PE
457	3	3	PE
458	3	5	PE
459	3	7	PE
460	3	5	PE
461	3	5	PE
462	3	4	PE
463	3	7	PE
464	3	4	PE
465	2	4	PE
466	5	9	PE
467	2	4	PE
468	2	3	PE
469	3	3	PE
470	2	2	PE
471	3	6	PE
472	2	2	PE
473	3	3	PE
474	3	8	PE
475	2	3	PE
476	2	2	PE
477	3	4	PE
478	3	4	PE
479	2	7	PE
480	3	9	PE
481	3	6	PE
482	2	4	PE
483	3	5	PE
484	2	2	PE
485	4	6	PE
486	2	5	PE
487	2	7	PE
488	3	6	PE
489	3	3	PE
490	3	6	PE
491	2	2	PE
492	2	6	PE
493	3	5	PE
494	3	5	PE
495	3	7	PE
496	2	3	PE
497	3	6	PE
498	3	6	PE
499	3	5	PE
500	2	3	PE
501	3	5	PE
502	2	2	PE
503	3	5	PE
504	3	6	PE
505	4	9	PE
506	5	5	PE
507	3	3	PE
508	3	3	PE
509	3	4	PE
510	3	4	PE
511	2	2	PE
512	4	6	PE
513	4	9	PE
514	2	2	PE
515	3	4	PE
516	3	3	PE
517	2	3	PE
518	3	5	PE
519	2	5	PE
520	2	4	PE
521	3	6	PE
522	3	4	PE
523	2	3	PE
524	2	3	PE
525	3	7	PE
526	3	6	PE
527	2	2	PE
528	3	4	PE
529	3	5	PE
530	3	4	PE
531	3	8	PE
532	3	4	PE
533	3	4	PE
534	2	4	PE
535	2	3	PE
536	2	2	PE
537	3	3	PE
538	2	3	PE
539	3	5	PE
540	2	4	PE
541	3	3	PE
542	3	3	PE
543	3	5	PE
544	4	9	PE
545	3	4	PE
546	2	5	PE
547	3	7	PE
548	3	5	PE
549	2	2	PE
550	2	2	PE
551	3	4	PE
552	3	5	PE
553	3	7	PE
554	3	3	PE
555	3	5	PE
556	3	6	PE
557	3	7	PE
558	3	5	PE
559	3	7	PE
560	3	4	PE
561	2	6	PE
562	2	4	PE
563	3	9	PE
564	3	6	PE
565	3	4	PE
566	2	2	PE
567	3	3	PE
568	3	6	PE
569	3	6	PE
570	2	2	PE
571	4	7	PE
572	2	5	PE
573	3	7	PE
574	3	7	PE
575	2	2	PE
576	2	4	PE
577	2	2	PE
578	3	6	PE
579	2	8	PE
580	2	3	PE
581	3	5	PE
582	2	2	PE
583	3	5	PE
584	3	8	PE
585	2	7	PE
586	2	4	PE
587	3	5	PE
588	2	4	PE
589	2	6	PE
590	2	6	PE
591	3	3	PE
592	2	4	PE
593	3	4	PE
594	3	7	PE
595	3	9	PE
596	2	2	PE
597	4	7	PE
598	3	5	PE
599	3	5	PE
600	2	4	PE
601	3	4	PE
602	3	6	PE
603	3	9	PE
604	2	2	PE
605	3	5	PE
606	3	5	PE
607	3	9	PE
608	3	3	PE
609	2	5	PE
610	3	8	PE
611	2	2	PE
612	2	4	PE
613	2	3	PE
614	2	3	PE
615	2	2	PE
616	2	2	PE
617	2	2	PE
618	2	3	PE
619	3	6	PE
620	3	7	PE
621	2	2	PE
622	2	3	PE
623	2	2	PE
624	2	5	PE
625	2	3	PE
626	3	3	PE
627	2	3	PE
628	2	2	PE
629	3	4	PE
630	3	10	PE
631	3	4	PE
632	2	3	PE
633	3	5	PE
634	2	2	PE
635	2	3	PE
636	3	3	PE
637	3	6	PE
638	2	2	PE
639	2	2	PE
640	3	5	PE
641	3	5	PE
642	2	3	PE
643	3	3	PE
644	3	4	PE
645	4	8	PE
646	2	5	PE
647	3	3	PE
648	3	5	PE
649	2	2	PE
650	2	3	PE
651	3	3	PE
652	2	2	PE
653	3	6	PE
654	2	2	PE
655	3	3	PE
656	3	4	PE
657	3	5	PE
658	2	2	PE
659	3	5	PE
660	3	3	PE
661	4	7	PE
662	2	3	PE
663	2	4	PE
664	3	9	PE
665	3	4	PE
666	2	3	PE
667	3	4	PE
668	3	7	PE
669	3	4	PE
670	3	5	PE
671	4	8	PE
672	2	4	PE
673	2	2	PE
674	3	4	PE
675	2	2	PE
676	2	7	PE
677	3	7	PE
678	2	2	PE
679	3	4	PE
680	3	9	PE
681	2	5	PE
682	3	5	PE
683	3	8	PE
684	3	5	PE
685	2	2	PE
686	3	9	PE
687	3	6	PE
688	2	2	PE
689	3	7	PE
690	3	3	PE
691	3	6	PE
692	2	2	PE
693	3	8	PE
694	3	4	PE
695	3	4	PE
696	3	5	PE
697	2	2	PE
698	3	5	PE
699	3	6	PE
700	3	4	PE
701	2	2	PE
702	2	3	PE
703	2	4	PE
704	3	4	PE
705	2	5	PE
706	3	7	PE
707	3	5	PE
708	3	4	PE
709	2	4	PE
710	2	8	PE
711	3	4	PE
712	3	5	PE
713	3	4	PE
714	2	5	PE
715	2	3	PE
716	3	4	PE
717	3	5	PE
718	2	3	PE
719	2	2	PE
720	2	2	PE
721	4	4	PE
722	2	6	PE
723	3	6	PE
724	3	7	PE
725	2	2	PE
726	3	4	PE
727	2	2	PE
728	3	8	PE
729	3	7	PE
730	2	2	PE
731	2	2	PE
732	3	7	PE
733	3	4	PE
734	3	4	PE
735	4	7	PE
736	3	4	PE
737	4	8	PE
738	3	5	PE
739	3	6	PE
740	3	6	PE
741	3	4	PE
742	3	7	PE
743	3	4	PE
744	3	5	PE
745	4	5	PE
746	3	8	PE
747	2	2	PE
748	2	6	PE
749	3	7	PE
750	3	4	PE
751	3	4	PE
752	2	2	PE
753	3	3	PE
754	3	4	PE
755	2	4	PE
756	3	8	PE
757	3	7	PE
758	3	5	PE
759	3	4	PE
760	2	3	PE
761	3	10	PE
762	3	7	PE
763	3	10	PE
764	3	6	PE
765	4	9	PE
766	4	5	PE
767	3	8	PE
768	2	2	PE
769	3	5	PE
770	2	10	PE
771	3	5	PE
772	4	9	PE
773	4	9	PE
774	3	6	PE
775	2	3	PE
776	3	3	PE
777	3	4	PE
778	3	5	PE
779	2	2	PE
780	2	2	PE
781	3	4	PE
782	3	6	PE
783	2	2	PE
784	3	9	PE
785	2	2	PE
786	2	4	PE
787	4	5	PE
788	3	9	PE
789	3	5	PE
790	3	7	PE
791	2	3	PE
792	3	5	PE
793	2	3	PE
794	2	2	PE
795	2	6	PE
796	3	6	PE
797	3	10	PE
798	2	2	PE
799	3	4	PE
800	3	4	PE
801	2	5	PE
802	2	4	PE
803	3	5	PE
804	2	5	PE
805	2	3	PE
806	3	5	PE
807	3	5	PE
808	3	6	PE
809	3	8	PE
810	2	3	PE
811	3	7	PE
812	3	5	PE
813	2	3	PE
814	2	2	PE
815	4	4	PE
816	3	5	PE
817	3	5	PE
818	3	7	PE
819	2	4	PE
820	2	5	PE
821	2	2	PE
822	3	5	PE
823	2	5	PE
824	3	3	PE
825	3	4	PE
826	2	3	PE
827	2	5	PE
828	4	5	PE
829	2	2	PE
830	2	5	PE
831	4	6	PE
832	3	6	PE
833	2	2	PE
834	3	7	PE
835	2	2	PE
836	2	2	PE
837	2	2	PE
838	3	3	PE
839	3	4	PE
840	3	5	PE
841	2	4	PE
842	3	7	PE
843	3	4	PE
844	2	3	PE
845	3	6	PE
846	3	5	PE
847	2	6	PE
848	3	3	PE
849	3	7	PE
850	2	4	PE
851	4	7	PE
852	2	4	PE
853	2	3	PE
854	3	5	PE
855	3	3	PE
856	2	2	PE
857	2	3	PE
858	2	3	PE
859	2	3	PE
860	3	5	PE
861	3	5	PE
862	2	2	PE
863	4	7	PE
864	3	5	PE
865	3	4	PE
866	3	4	PE
867	3	7	PE
868	2	2	PE
869	2	4	PE
870	2	3	PE
871	4	8	PE
872	3	3	PE
873	3	6	PE
874	3	4	PE
875	3	9	PE
876	2	2	PE
877	3	5	PE
878	3	7	PE
879	3	4	PE
880	2	5	PE
881	3	6	PE
882	2	3	PE
883	3	5	PE
884	3	6	PE
885	3	6	PE
886	2	4	PE
887	2	7	PE
888	2	2	PE
889	2	2	PE
890	2	3	PE
891	3	3	PE
892	3	4	PE
893	3	6	PE
894	3	5	PE
895	3	5	PE
896	2	2	PE
897	2	6	PE
898	2	4	PE
899	2	2	PE
900	2	2	PE
901	3	6	PE
902	3	4	PE
903	2	3	PE
904	3	6	PE
905	3	6	PE
906	3	5	PE
907	2	2	PE
908	3	3	PE
909	3	4	PE
910	2	3	PE
911	3	3	PE
912	4	8	PE
913	3	3	PE
914	3	9	PE
915	3	3	PE
916	2	6	PE
917	4	6	PE
918	4	6	PE
919	3	6	PE
920	3	7	PE
921	2	3	PE
922	3	8	PE
923	3	5	PE
924	2	5	PE
925	2	2	PE
926	2	6	PE
927	2	2	PE
928	3	8	PE
929	3	4	PE
930	3	5	PE
931	3	4	PE
932	2	2	PE
933	3	6	PE
934	2	2	PE
935	3	6	PE
936	2	2	PE
937	3	4	PE
938	2	2	PE
939	2	2	PE
940	2	5	PE
941	2	6	PE
942	2	2	PE
943	3	4	PE
944	2	2	PE
945	2	2	PE
946	3	7	PE
947	3	4	PE
948	2	2	PE
949	3	8	PE
950	2	3	PE
951	3	5	PE
952	2	4	PE
953	3	3	PE
954	3	7	PE
955	3	4	PE
956	4	8	PE
957	3	8	PE
958	3	7	PE
959	3	4	PE
960	2	2	PE
961	3	7	PE
962	2	2	PE
963	2	4	PE
964	3	3	PE
965	2	2	PE
966	2	2	PE
967	2	3	PE
968	4	5	PE
969	2	2	PE
970	2	2	PE
971	3	4	PE
972	3	6	PE
973	2	9	PE
974	2	3	PE
975	2	5	PE
976	3	6	PE
977	3	3	PE
978	4	9	PE
979	3	3	PE
980	3	4	PE
981	3	9	PE
982	3	6	PE
983	2	6	PE
984	3	9	PE
985	3	9	PE
986	3	9	PE
987	3	8	PE
988	3	3	PE
989	2	4	PE
990	3	5	PE
991	3	3	PE
992	2	2	PE
993	3	5	PE
994	3	6	PE
995	3	4	PE
996	3	5	PE
997	2	2	PE
998	2	7	PE
999	3	7	PE
1000	2	4	PE
1001	2	2	PE
1002	3	7	PE
1003	2	2	PE
1004	3	5	PE
1005	3	8	PE
1006	3	6	PE
1007	3	4	PE
1008	3	5	PE
1009	2	2	PE
1010	2	8	PE
1011	2	3	PE
1012	3	7	PE
1013	3	7	PE
1014	3	6	PE
1015	4	6	PE
1016	4	7	PE
1017	4	7	PE
1018	2	2	PE
1019	3	7	PE
1020	2	5	PE
1021	4	8	PE
1022	2	3	PE
1023	3	6	PE
1024	3	3	PE
1025	2	7	PE
