ID,10347_126.A,10347_126.B,94302_139.A,94302_139.B,747_40.A,747_40.B,13060_134.A,13060_134.B
MGW_0903,1,1,4,4,2,4,1,1
MGW_0923,1,1,4,4,2,4,1,1
MGW_0992,1,1,4,4,4,4,3,3
MGW_1038,3,3,4,4,2,4,1,3
MGW_1115,1,3,2,2,4,4,1,1
MGW_1126,1,3,2,2,2,4,1,1
MGW_1155,3,3,4,4,4,4,1,1
MGW_1157,3,3,4,4,2,4,1,3
MGW_1249,1,3,4,4,2,2,1,1
MGW_1251,1,1,4,4,2,4,1,1
MGW_1280,3,3,4,4,2,4,1,1
MGW_1387,1,1,4,4,4,4,1,1
MGW_1346,1,1,2,4,4,4,1,1
MGW_1347,1,1,2,4,2,2,1,1
MGW_1348,1,3,2,4,2,2,1,1
MGW_1349,1,3,2,4,2,2,1,1
MGW_1350,1,3,2,4,2,2,1,1
MGW_1351,1,1,2,4,2,4,0,0
MGW_1352,1,1,4,4,4,4,1,1
MGW_1353,0,0,4,4,2,4,1,3
MGW_1354,1,1,4,4,4,4,1,1
MGW_1383,3,3,4,4,2,4,1,3
MGW_1386,1,1,4,4,2,4,1,1
MGW_1392,1,1,4,4,4,4,1,1
MGW_1393,1,3,2,4,4,4,0,0
MGW_1398,1,3,2,4,4,4,1,1
MGW_1399,0,0,4,4,0,0,0,0
MGW_1439,3,3,4,4,2,4,1,3
MGW_1487,3,3,2,4,4,4,1,1
MGW_1552,1,1,4,4,2,4,1,1
